epoch	value
0	2.1868197044230397
1	2.08542173397467
2	2.0262727915130045
3	1.9639041497840644
4	1.9126535735515333
5	1.8583226174301242
6	1.78490604376941
7	1.734238902974573
8	1.702489627814441
9	1.6410526251940993
10	1.5936216745317353
11	1.576263427734375
12	1.541437942789208
13	1.5058309424737966
14	1.4859349031626068
15	1.4548742637871215
16	1.4412965004488547
17	1.3921478461034549
18	1.3798680275863742
19	1.3822211982300563
20	1.3546531155983113
21	1.3436133343240488
22	1.3358916288577252
23	1.330463859605493
24	1.2998347312026883
25	1.29053340935559
26	1.2883730112395673
27	1.2591300632642664
28	1.2600217072860054
29	1.241082043381211
30	1.2535972832152562
31	1.2309939935340644
32	1.2345110022503396
33	1.2470885093167703
34	1.230528932180464
35	1.2235442925684201
36	1.2084263392857142
37	1.2003171932623253
38	1.2108608269543382
39	1.192188428795856
40	1.1978138041052018
41	1.1932850713315217
42	1.2121805700456134
43	1.1795806884765625
44	1.1725583283797554
45	1.1757740470933618
46	1.163865936468847
47	1.1798359177867819
48	1.1489426512155474
49	1.162055732300563
50	1.1620290057259317
51	1.14397586798816
52	1.1468023454180416
53	1.1255087526688665
54	1.132902725883152
55	1.1131507447047264
56	1.1245986275050952
57	1.1193258155206716
58	1.1083293464613257
59	1.1175241411102483
60	1.1208877089601126
61	1.0999334110236316
62	1.1234053143803377
63	1.1092314157426728
64	1.1114018600179543
65	1.0937473462975544
66	1.083116709075359
67	1.1006929385736122
68	1.0789777862359278
69	1.088387151682599
70	1.0835547595290664
71	1.0724665481851707
72	1.0673739984168769
73	1.070340553425854
74	1.0577550852520865
75	1.0537686555281929
76	1.0635416729850058
77	1.0150549278496215
78	1.0490792789814636
79	1.037360908081813
80	1.037389245832929
81	1.0403908676242235
82	1.040308792398583
83	1.0465162762944002
84	1.0222574553874708
85	1.02969199233914
86	1.0458821361849766
87	1.0331889087368984
88	1.0271875606560559
89	1.015471369583414
90	1.0208518460670613
91	1.0349088870220302
92	1.0086728682429154
93	1.0335254550720594
94	1.0119713256077736
95	1.0021319655898195
96	1.0045414326353843
97	1.0135526479401202
98	1.0170371488014363
99	1.0185622695069876
100	0.9900201833026009
101	1.0033259421401883
102	1.0142966323757765
103	1.0205455329847632
104	1.0021229619565217
105	0.9881355806907511
106	1.003013847777562
107	1.0030758306846856
108	0.9737287248883929
109	0.9949518049725835
110	1.0011070677952736
111	0.9736566010469235
112	0.9982233462126359
113	0.9820593602909065
114	0.9771457458875195
115	0.987615360236316
116	0.972945219241314
117	0.9575763015273195
118	0.9732393063373447
119	0.9666439080090257
120	0.9820662788722826
121	0.9796062019300757
122	0.9736827589710306
123	0.9696660959942741
124	0.972095655358356
125	0.9681776532475252
126	0.963143295382861
127	0.9699654904951961
128	0.9566744217961471
129	0.9552795220606075
130	0.9358807676327154
131	0.9768730779612287
132	0.9479021344866071
133	0.9421996122561627
134	0.9413249329750583
135	0.9554797818201669
136	0.9437020817158385
137	0.9457621130143633
138	0.9480793638999417
139	0.9402618408203125
140	0.9430807362432065
141	0.9400608228600543
142	0.952762106190557
143	0.9434586992915373
144	0.9300836598651009
145	0.9358385927188471
146	0.9501780634341033
147	0.9252651048743207
148	0.9309258312912461
149	0.9109339743667508
150	0.9292452794424495
151	0.916878931270623
152	0.9266156498689829
153	0.9117911202566964
154	0.928685916876941
155	0.9203277019240101
156	0.9300213926327154
157	0.9171546319997088
158	0.9283563838982434
159	0.9096395362237966
160	0.9013396079495827
161	0.9057323384729231
162	0.9074769582807648
163	0.9066400942595109
164	0.9217826890649262
165	0.9226817255434783
166	0.8947805084797166
167	0.9109836365125195
168	0.8968680245535714
169	0.9081703328197788
170	0.8965416191527562
171	0.9154627071404309
172	0.8828126895501747
173	0.9064211638077445
174	0.9056622049082881
175	0.9000716120559976
176	0.8963041127838703
177	0.8693615457286006
178	0.900626235867139
179	0.8818922339018828
180	0.8953399658203125
181	0.8916702744383249
182	0.8844773191842974
183	0.8891188343119177
184	0.8861940751164596
185	0.8765353564149845
186	0.8673783770259123
187	0.892767011749078
188	0.8525447490052407
189	0.8716726362335016
190	0.8792505678923234
191	0.8724293205308618
192	0.8731593730286782
193	0.8536582615064539
194	0.877394397806677
195	0.8611129855517274
196	0.878647514011549
197	0.8619013247282609
198	0.8763738596661491
199	0.8700224124126553
200	0.874811397576184
201	0.8716614527731948
202	0.8790156204507958
203	0.8716406970290664
204	0.8543106932077349
205	0.854789117848651
206	0.8621592077409258
207	0.8711783841529989
208	0.8565157303898971
209	0.848630348347729
210	0.878955722595594
211	0.8748831423173039
212	0.8678434383795128
213	0.8907191116617333
214	0.845498316036248
215	0.8669027008625291
216	0.8598123870280959
217	0.8589069058436044
218	0.8463705311650815
219	0.8570460917786782
220	0.8466377969113936
221	0.8648946063118692
222	0.868874212229474
223	0.8365986510093167
224	0.8526213272758152
225	0.8463392553862578
226	0.8431655220363451
227	0.8625005876055415
228	0.8522041273413238
229	0.8721732382448564
230	0.8457338321282997
231	0.8537419479085792
232	0.8477821113159938
233	0.8505760808909162
234	0.8480290951936141
235	0.8547846634195458
236	0.8684827911187403
237	0.8521149439841323
238	0.855496803425854
239	0.8466363752850835
240	0.854308797705988
241	0.8534844439962636
242	0.8578151916124805
243	0.8599306663371021
244	0.8483733183108502
245	0.8339409680099961
246	0.8604260557186529
247	0.8551051927649457
248	0.8721463221200505
249	0.8510609502377717
250	0.8515194721103455
251	0.8280220742551436
252	0.8596877577882376
253	0.8554218363317644
254	0.8319947615913723
255	0.8526792348541828
256	0.8401903424944196
257	0.8361058205551242
258	0.8302150750012132
259	0.8493278929905862
260	0.8378218182865877
261	0.8417925153459821
262	0.856728500460986
263	0.8562923455090257
264	0.853451841366217
265	0.8441750662667411
266	0.8465589440387228
267	0.8554018387883346
268	0.838210396144701
269	0.8347719559758346
270	0.8227317288795614
271	0.8550545828683036
272	0.845623419151543
273	0.825816657972632
274	0.852538778174738
275	0.845215128075262
276	0.8369098923961569
277	0.8481483222534938
278	0.8519552479619565
279	0.8587632268111899
280	0.8201168842197205
281	0.8364652076863354
282	0.8493449525063083
283	0.8434488995475058
284	0.8243477388938761
285	0.827547914493158
286	0.8383656377377717
287	0.8479714719405086
288	0.8277118753942644
289	0.8314936857045807
290	0.8458591247937695
291	0.841477103855299
292	0.8427193209251261
293	0.8412679352375291
294	0.8562697890382376
295	0.8372428372779989
296	0.8459201599500195
297	0.8390154157366071
298	0.8488907902877524
299	0.8295524075904989
300	0.8263218091881793
301	0.8371514740937985
302	0.8348215233465159
303	0.825864235066479
304	0.8464296708195846
305	0.8424752750752135
306	0.8309646511670226
307	0.8398384425951086
308	0.8344159807477679
309	0.8327909671001553
310	0.8244481057113742
311	0.8250387440557065
312	0.8364737374441964
313	0.8161368044266789
314	0.8201949788916926
315	0.823561674319439
316	0.8377266640988936
317	0.8288877499029503
318	0.8325498592779503
319	0.8249991280691964
320	0.842166118740295
321	0.8324143309030474
322	0.8363783937063276
323	0.8052079100046099
324	0.8368406118073078
325	0.8209694809054736
326	0.8164717395853552
327	0.8232328047663529
328	0.8124035189610831
329	0.8200157592015237
330	0.8342439639642372
331	0.8224132845860831
332	0.8332801961010288
333	0.8125463450177116
334	0.8174882971722147
335	0.8351349445603649
336	0.8304373225810365
337	0.8309362186408191
338	0.8441103348820846
339	0.8357553422821234
340	0.8375171163807744
341	0.8298695250327542
342	0.8421917080138781
343	0.84072572696283
344	0.8256484321925951
345	0.837011112189441
346	0.8423166215789984
347	0.8284426860927795
348	0.8257918268997476
349	0.8246001249514752
350	0.8247669291052019
351	0.8256841624005241
352	0.8212173177588801
353	0.8252442164450698
354	0.8205246066454774
355	0.8177981169327445
356	0.8184845728903823
357	0.8225272042410714
358	0.831170976532172
359	0.8345050693298719
360	0.8298427036830357
361	0.8216560316381988
362	0.8129567211459142
363	0.8101109095982143
364	0.8184430614021254
365	0.8316822881283967
366	0.8142072784234278
367	0.8198085808605882
368	0.8218660532317547
369	0.8287425544691382
370	0.8250228218410326
371	0.8278020065023292
372	0.8233844449061044
373	0.8184010760384317
374	0.8283095270950601
375	0.8116269318953805
376	0.8121790915542508
377	0.8294362133334142
378	0.819483028435559
379	0.8364599950565315
380	0.8248171599014945
381	0.8254368941976417
382	0.8212261318420031
383	0.8121370114154697
384	0.8175178669994663
385	0.8160918810352775
386	0.8419350570773486
387	0.8099253399771933
388	0.8190404287776591
389	0.8259452677661587
390	0.816952817928717
391	0.8181463206036491
392	0.8113319918235636
393	0.8013605153338509
394	0.7928815569196429
395	0.8007408758127912
396	0.7945180383528242
397	0.8155581077433521
398	0.8165375134959725
399	0.8089141845703125
400	0.8271604739360928
401	0.8248099569948564
402	0.8240759239433715
403	0.809756735096807
404	0.8284500785495924
405	0.810699178565363
406	0.8066583479413335
407	0.8054728063737383
408	0.8149251049349767
409	0.8136558769652562
410	0.8098716972777562
411	0.8024626548245827
412	0.8160231690969526
413	0.8189827107494663
414	0.8033740120644896
415	0.7897422269264364
416	0.7934426254367236
417	0.8050185493800951
418	0.8169301666828416
419	0.7904713790609229
420	0.7996351348687403
421	0.804587701833026
422	0.8063183897030279
423	0.7856271400214723
424	0.7845339567764945
425	0.7871504600003639
426	0.8099268563785909
427	0.8029735873204581
428	0.7900971122409987
429	0.795851429056677
430	0.7989818501916731
431	0.7943626545971225
432	0.7975023163031347
433	0.7910957099488063
434	0.7904764495280959
435	0.7800777269446332
436	0.795218236698127
437	0.7976694047821234
438	0.7926608731287607
439	0.7949311629585598
440	0.7932361105213994
441	0.789749666770793
442	0.7804053170340401
443	0.7900195862195507
444	0.7789296689240829
445	0.7786485186274748
446	0.7883419723984617
447	0.7953277019240101
448	0.7899356154921633
449	0.7836902689489519
450	0.7695846557617188
451	0.7917368634146933
452	0.7683606828962054
453	0.78506773006842
454	0.7869625210021594
455	0.7668000215328998
456	0.7711935576444827
457	0.7925313629719041
458	0.7725039653896545
459	0.7682628276185219
460	0.7694266183035714
461	0.7823591054596516
462	0.7777746923221565
463	0.7622266970806241
464	0.768637710476514
465	0.7654194328355493
466	0.7641266532566237
467	0.7743932119807841
468	0.7525974060437695
469	0.7501221177000437
470	0.7574531128687888
471	0.7582305055227339
472	0.7489921617211762
473	0.789522727824146
474	0.7583773121330308
475	0.7822866499053766
476	0.7648540520519944
477	0.7586922497482773
478	0.7792861654151301
479	0.7622866897109133
480	0.766579716842367
481	0.7675912987371409
482	0.7806366630222487
483	0.7645320536927407
484	0.7819305799022225
485	0.7796288721309685
486	0.7808952568480687
487	0.7860753787970691
488	0.7791125848426582
489	0.7781037514254173
490	0.779532485867139
491	0.7805114651318663
492	0.7623099569948564
493	0.7795652306598165
494	0.7714523410204774
495	0.7460457938058036
496	0.7670147344932793
497	0.7787734321925951
498	0.7627916987638296
499	0.7725044866526349
500	0.7583554190878542
501	0.7525088861121895
502	0.7659001320785617
503	0.7707726614815849
504	0.7534591959129949
505	0.7762047430002912
506	0.7675320169200068
507	0.7695519583565849
508	0.7834987758849719
509	0.7633314428862578
510	0.7764857037467245
511	0.7561984802625195
512	0.7883923453573854
513	0.7522846956430755
514	0.7713699814695749
515	0.7688666870875388
516	0.7526205785526252
517	0.77032470703125
518	0.7819360294697447
519	0.763652493494638
520	0.7638560703822544
521	0.7668293070348894
522	0.7584586291579727
523	0.7555561421080406
524	0.7544362796759754
525	0.7671820125224428
526	0.7655701252244274
527	0.7490767010990877
528	0.7469684292811044
529	0.7621476072702349
530	0.7507710901106367
531	0.7564499659567886
532	0.7758923643124029
533	0.75126728508043
534	0.7579666516795662
535	0.7490100742126844
536	0.7730291615361753
537	0.7614549909319196
538	0.760054736403945
539	0.7455168540433327
540	0.7390707738651252
541	0.7527917423603697
542	0.7660138147958317
543	0.7430757795061383
544	0.7676687299835016
545	0.7542004792586617
546	0.748962828831643
547	0.7655733475773971
548	0.7511494796468604
549	0.7705983227084142
550	0.7415472942849864
551	0.758686515855493
552	0.7635540695664305
553	0.759078031741314
554	0.7704274906134754
555	0.7633236713290955
556	0.7519538358131551
557	0.7357548304966518
558	0.7440838547226805
559	0.7376459725895284
560	0.7459776505180027
561	0.7471755602344963
562	0.7722764577924836
563	0.7455401213272758
564	0.7564420522369953
565	0.7482139634789887
566	0.7484657808860636
567	0.7451644328810414
568	0.7378048630234617
569	0.7378836211210452
570	0.7688546032639023
571	0.7474159098560025
572	0.7526041350749709
573	0.7351152882072496
574	0.7408432101611024
575	0.7339240601344138
576	0.7441719955539111
577	0.7614948912436917
578	0.7440088876285909
579	0.7597615496712442
580	0.7507340804390286
581	0.7398292115016013
582	0.7644702603357919
583	0.7603132354546778
584	0.7484105270101417
585	0.7547705987965838
586	0.7458289484059588
587	0.7533901048743207
588	0.7727261655819342
589	0.7526378276185219
590	0.7464588710239956
591	0.749991043754246
592	0.7355473678304542
593	0.7370739101623156
594	0.737567498817207
595	0.7351821994189149
596	0.7345131820773486
597	0.7619899962999805
598	0.7573426051169448
599	0.7440521998435073
600	0.7369978531547214
601	0.7447341065969526
602	0.7231166673743207
603	0.7419678587350786
604	0.7368283479110055
605	0.7390801092112287
606	0.7454708881259705
607	0.7470384680706522
608	0.7508049248168187
609	0.7323925894980104
610	0.7465575318899214
611	0.739052577048355
612	0.7517816768669934
613	0.7434764885754319
614	0.7375439472080018
615	0.7421593517990586
616	0.7396587111194681
617	0.7465357810073758
618	0.7479766940478212
619	0.7381191372130969
620	0.7313989200947447
621	0.7503222352969721
622	0.7294422410289694
623	0.7323311752414111
624	0.7546053110442547
625	0.726767308963752
626	0.7447077117351272
627	0.7321742276967682
628	0.7326418479777271
629	0.7329992922196477
630	0.7312208377056241
631	0.7161202756514461
632	0.7199517954950747
633	0.7333675408215257
634	0.7795279840504901
635	0.739734389026713
636	0.7587829495068663
637	0.7186335214176534
638	0.7358563820027416
639	0.7231072846406735
640	0.7433176929165858
641	0.7310613786211665
642	0.7484990469417216
643	0.7366104125976562
644	0.7486668936214091
645	0.7251085553850446
646	0.7283394381126261
647	0.719837638902368
648	0.7249954413182987
649	0.7496209944257085
650	0.738897240680197
651	0.7408339222025427
652	0.7284119410544448
653	0.7555283256199049
654	0.755185381966348
655	0.7209792996045226
656	0.7218584333147321
657	0.7351806830175175
658	0.7326370144482726
659	0.7280851565532803
660	0.7488304280346225
661	0.7370853779478843
662	0.7271568345727387
663	0.7268830293453998
664	0.7249808933423914
665	0.7309722900390625
666	0.7459243869189149
667	0.722347899253324
668	0.7299494299088946
669	0.7361219891850252
670	0.7424634850543478
671	0.7388409916658579
672	0.7326818904521303
673	0.7180648708935851
674	0.7150886488256988
675	0.7069051517462879
676	0.745907753891086
677	0.7313069408724767
678	0.7205518639605978
679	0.7156464002147225
680	0.7218187699406784
681	0.7245683373871797
682	0.7057936295219089
683	0.7392073447659889
684	0.7138938666870875
685	0.7340163710694876
686	0.7236079814271157
687	0.7320695960003397
688	0.7241586720721321
689	0.7319488051515188
690	0.7094647425302067
691	0.738367305779309
692	0.7233426111825505
693	0.7233791469787219
694	0.7096230643136161
695	0.7306843633237092
696	0.7333565469113936
697	0.706493211829144
698	0.7172907479801534
699	0.7088387530782948
700	0.720225979822763
701	0.7101946528653921
702	0.7530012426909453
703	0.7155060383103649
704	0.7372348856481706
705	0.7144152718301146
706	0.7303154039086762
707	0.7238107053389461
708	0.7208096995857192
709	0.7270283195542993
710	0.7267085484095982
711	0.7326548321646933
712	0.7298145649596031
713	0.7237902813076232
714	0.7159330000788529
715	0.7110880028387034
716	0.7170087920953028
717	0.7468820417889898
718	0.7327691783075747
719	0.7233983863214528
720	0.7503678695015286
721	0.7480433683217682
722	0.7196999307004561
723	0.7181186083681095
724	0.7255500177418963
725	0.7137494768415179
726	0.7275150844029018
727	0.7077350497986219
728	0.7156307149377669
729	0.727597349178717
730	0.7286963610915664
731	0.7016192134122671
732	0.714269697295953
733	0.7219479009971855
734	0.7136275960791926
735	0.7150259077178766
736	0.7118826445585452
737	0.7281148211556192
738	0.7184013698412024
739	0.7174865533106075
740	0.7104316379712976
741	0.7157376686238354
742	0.7120845628821332
743	0.7293432010626941
744	0.7395059336786685
745	0.7277676600106755
746	0.7202938861728455
747	0.7196640583298961
748	0.7195367753875922
749	0.7005192063610006
750	0.6953134951384171
751	0.7178774531583608
752	0.6958353741568808
753	0.7360470220909355
754	0.7205507266595497
755	0.7214813232421875
756	0.7387181631526591
757	0.7103557231263344
758	0.7107509826281055
759	0.7122970486279601
760	0.7200710225549544
761	0.7338569593725738
762	0.7061670907535909
763	0.7279583474864131
764	0.723499606114737
765	0.7311108038292168
766	0.7240026722783628
767	0.73150634765625
768	0.7137870077761064
769	0.7242192333529455
770	0.6936026152616702
771	0.7162606849433473
772	0.7131530572168575
773	0.6937048775809151
774	0.7217742256496263
775	0.7181930068116751
776	0.7102258812566722
777	0.7186835626637713
778	0.7129593369383249
779	0.6934102692219041
780	0.7255874065138539
781	0.7233122357670565
782	0.7357521294066625
783	0.7001048970666731
784	0.7116942316849039
785	0.7173535364755192
786	0.6962596348353794
787	0.7110274889454338
788	0.6920958809230638
789	0.7164445960003397
790	0.7037397586040616
791	0.709176436714504
792	0.6978766873756551
793	0.7075987158354765
794	0.6979629800926824
795	0.6874368797918284
796	0.702139623416877
797	0.68915401482434
798	0.7139311606839577
799	0.6901271654211957
800	0.6933587589619322
801	0.7089161843246554
802	0.7027743795643682
803	0.689960219104838
804	0.701432506490198
805	0.7065866600652659
806	0.7026375717257861
807	0.6913690033906735
808	0.7166160441333462
809	0.7052044601914305
810	0.6812784420037121
811	0.7071899982713024
812	0.6989639945652174
813	0.7162671770368304
814	0.7032402938937549
815	0.6929414168648098
816	0.6813724588903581
817	0.6963417574485636
818	0.6779795581509608
819	0.6874296768851902
820	0.6957516403672117
821	0.7305977862814198
822	0.6961402656128688
823	0.6681305784616411
824	0.6772542444075117
825	0.693720088982434
826	0.7072711257460695
827	0.7168575784434443
828	0.7419904152058666
829	0.7303130345314927
830	0.7577894696537752
831	0.7451804498708026
832	0.7424116430815703
833	0.7464222404527368
834	0.7425480244322593
835	0.7656482672839431
836	0.7453018567576912
837	0.74237060546875
838	0.738131410586908
839	0.7575703022642906
840	0.7461941642050417
841	0.7464435648473894
842	0.7457840724021011
843	0.7462425468871312
844	0.7442839249320652
845	0.7393824417398583
846	0.729419447620463
847	0.7452523367745536
848	0.7589634486607143
849	0.7283424235278775
850	0.7424029237735346
851	0.7264224698084482
852	0.7265907903635724
853	0.7352508165821525
854	0.7345090593610492
855	0.7316262381417411
856	0.7176532626892469
857	0.736730634795953
858	0.7151953181865053
859	0.7069803557780959
860	0.71327128913832
861	0.734472476177334
862	0.7319356788019216
863	0.7144048939580503
864	0.7272379146599621
865	0.7091124161430027
866	0.7296704120517518
867	0.7219301306683085
868	0.712993313807138
869	0.7041344020677649
870	0.6948736439580503
871	0.7054840466990975
872	0.7111072895689781
873	0.7044753080569439
874	0.7003307934873593
875	0.7018265339158336
876	0.6979021818741508
877	0.6904868842652125
878	0.6855443634601853
879	0.7045237855141208
880	0.6867309001661976
881	0.6878487723214286
882	0.6966815261366945
883	0.6844222264260239
884	0.6874845042732192
885	0.7112543331169934
886	0.6809885723990683
887	0.670333341041707
888	0.6933539728200213
889	0.6738320107785811
890	0.6808674972249854
891	0.6710186596982968
892	0.6935940855038092
893	0.6735517608453028
894	0.6803185599190849
895	0.6787153919291052
896	0.6920413852478406
897	0.7048462577488112
898	0.6849972268809443
899	0.6794560592367042
900	0.6954439056586035
901	0.6883616477065946
902	0.6735701945997914
903	0.6807880283142469
904	0.6895237798276155
905	0.6723647028763101
906	0.6756044470745585
907	0.6788971705466323
908	0.6696590162952494
909	0.6647813216499661
910	0.687105735636646
911	0.6818714497252281
912	0.6789434207892566
913	0.6928687243728164
914	0.6664870362844526
915	0.6683799791039887
916	0.6642242336865538
917	0.669938081539936
918	0.6913170666428086
919	0.6602668525269313
920	0.6594506020871749
921	0.6715443297202542
922	0.6723411986546487
923	0.6727926597832152
924	0.6640800807787024
925	0.6572776936596225
926	0.670318319190363
927	0.6738829050004852
928	0.6548123093125242
929	0.6812337555500291
930	0.6593772935571137
931	0.6703935706097147
932	0.6815488827154503
933	0.6719914785823466
934	0.6763403282402465
935	0.657831417107434
936	0.6793976777828998
937	0.6843973005780523
938	0.6681668299325505
939	0.6736212309843265
940	0.6511793906644264
941	0.6688442822568905
942	0.6614312592500485
943	0.666726201217367
944	0.6752470028326378
945	0.6721235950541052
946	0.6644969490003882
947	0.6605498509377427
948	0.651611612450262
949	0.6675790348408385
950	0.6559329299452883
951	0.6591893071713655
952	0.6706770428959627
953	0.6522129129919206
954	0.6870692946155619
955	0.6548025948660714
956	0.6673314823126941
957	0.6557511039402174
958	0.663651176120924
959	0.6656575647200117
960	0.620721615619541
961	0.6439834026076039
962	0.6591926242994226
963	0.6786316581394362
964	0.6639830784768052
965	0.6611801052685851
966	0.6621917819384462
967	0.6573882487990101
968	0.6485657306931774
969	0.6525381810916877
970	0.6621080007612336
971	0.634329706985758
972	0.6715296395817159
973	0.652413314914111
974	0.654150210552334
975	0.6455531623792945
976	0.649064342427698
977	0.6402717732494663
978	0.657181307395793
979	0.6529200773061432
980	0.6566864392772225
981	0.639140774744638
982	0.6414997740561917
983	0.645605146514703
984	0.6523831764363354
985	0.6586000904533433
986	0.6612320420164499
987	0.6604609519058133
988	0.6813765342191139
989	0.6371664201250727
990	0.6586346833602242
991	0.6539760613293382
992	0.6534691567746749
993	0.6682250218361802
994	0.6694510323660714
995	0.6564256656243934
996	0.657132545613354
997	0.6469478725646594
998	0.6675595111728455
999	0.6500897140976805
1000	0.6576943249435898
1001	0.6532941545758929
1002	0.6714577052904211
1003	0.6573465003730348
1004	0.650740629397564
1005	0.6552419247834579
1006	0.6465997162812985
1007	0.6546363119753251
1008	0.6402019240100931
1009	0.651531622276543
1010	0.6476553685916877
1011	0.6398466595951815
1012	0.6478706028150476
1013	0.6478877097183133
1014	0.6783583267875339
1015	0.6483371805700456
1016	0.6401184271581425
1017	0.6434893874648195
1018	0.6488116246572933
1019	0.6505985615416343
1020	0.6368292103643003
1021	0.6419311428662413
1022	0.6251619232367285
1023	0.6721143544830891
1024	0.6354368221685753
1025	0.6421163333869129
1026	0.6447247333408143
1027	0.644204370723748
1028	0.6491487396429785
1029	0.6508467774953901
1030	0.6647988076535811
1031	0.6508745465959821
1032	0.6303355057047021
1033	0.6456499751310171
1034	0.6410417734465984
1035	0.6421341511033336
1036	0.652334793754246
1037	0.6421122106706133
1038	0.6358684279163431
1039	0.6405849101380532
1040	0.6490683229813664
1041	0.6411049884298573
1042	0.6556304078664839
1043	0.6677819483028435
1044	0.6515532309964577
1045	0.6622755631156589
1046	0.6340846659974282
1047	0.6466001427691915
1048	0.6430074087581279
1049	0.6666991903174738
1050	0.6613597988341906
1051	0.6492562145920273
1052	0.6414865529315071
1053	0.6528930190187063
1054	0.6609516973080842
1055	0.6320183795431386
1056	0.6522267975422166
1057	0.6416087180190946
1058	0.6473229923603697
1059	0.6490878940369031
1060	0.6422595385438907
1061	0.6576895388016789
1062	0.6557760771757327
1063	0.6628696133631357
1064	0.6607116793993837
1065	0.6549019665451523
1066	0.6780951837575213
1067	0.6351706463357677
1068	0.6634565080915179
1069	0.6617778517444681
1070	0.656696058948588
1071	0.6397506998192449
1072	0.661202519576742
1073	0.6588681144003542
1074	0.6649796385202349
1075	0.6622544282711811
1076	0.641516075371215
1077	0.6486553879258055
1078	0.6504846892741897
1079	0.6475019751128203
1080	0.6394010745220303
1081	0.6473684370147516
1082	0.6804203009753493
1083	0.6719069392044351
1084	0.6709893268087636
1085	0.6740310384620051
1086	0.6665232403678183
1087	0.6795131138392857
1088	0.649374588676121
1089	0.6601689024741605
1090	0.6369085844999515
1091	0.6795966106912364
1092	0.6520760577657948
1093	0.6598621155164257
1094	0.672873265995002
1095	0.6667677127056241
1096	0.6765595430172748
1097	0.6726209747124903
1098	0.667280872416052
1099	0.669274940253785
1100	0.6585479641553038
1101	0.6485553528211132
1102	0.6698354875078852
1103	0.6621494648619468
1104	0.6637492209487821
1105	0.6675771393390916
1106	0.6490133060431629
1107	0.6391547540700213
1108	0.6471303619953416
1109	0.6606051048136646
1110	0.6647667262865149
1111	0.6699646185643925
1112	0.660860902774408
1113	0.6387626221461326
1114	0.6680495457619614
1115	0.6579808774201766
1116	0.6603995376492139
1117	0.6772011703585986
1118	0.6474881853376117
1119	0.6448872252280667
1120	0.646914511733914
1121	0.6591895441090838
1122	0.6640526433909162
1123	0.6584725705733211
1124	0.6700505795686141
1125	0.6553950339370633
1126	0.6919136758176436
1127	0.6549660345041974
1128	0.687222024668818
1129	0.6558186311899505
1130	0.6787961876910665
1131	0.6506445274589965
1132	0.667394839458584
1133	0.6495356589370633
1134	0.6407129986685995
1135	0.6653367984368934
1136	0.6658154126279843
1137	0.6574248319827252
1138	0.6548073336204386
1139	0.6651018509953659
1140	0.6692039537133637
1141	0.656488501507303
1142	0.6584640882030037
1143	0.674441225040033
1144	0.6689805688324922
1145	0.668485084675854
1146	0.6527697640176146
1147	0.6598859514508929
1148	0.6445722402252766
1149	0.6618025880422651
1150	0.6621920662637083
1151	0.6649316349384947
1152	0.67237773445082
1153	0.635975049889606
1154	0.6528403240701427
1155	0.6539346920037121
1156	0.6467174269397806
1157	0.646490156280328
1158	0.6515398203215984
1159	0.6432505068571671
1160	0.6528714576863354
1161	0.6438671609629756
1162	0.6655875259304639
1163	0.645821518039111
1164	0.6439005217937209
1165	0.6456346215668672
1166	0.6836169698963994
1167	0.6605519359896642
1168	0.6670178715486704
1169	0.645404981530231
1170	0.6434379245923914
1171	0.6751075886791538
1172	0.6525192260742188
1173	0.6546439887574
1174	0.6657022985612383
1175	0.6585264502104765
1176	0.6442574447726611
1177	0.6634583088181774
1178	0.6887530688173282
1179	0.6582691832358792
1180	0.6549630490889461
1181	0.6638434747731463
1182	0.655822896068881
1183	0.6447151136694488
1184	0.6484548912285277
1185	0.6506612552619129
1186	0.6354270129470352
1187	0.6297211735885336
1188	0.6655259695112336
1189	0.6522745641862383
1190	0.6400189607039742
1191	0.6693700470539353
1192	0.6695971281632133
1193	0.6506354290506114
1194	0.666839173121482
1195	0.6423758749636064
1196	0.6567465740701427
1197	0.6717513185110151
1198	0.6607602990191915
1199	0.6437580274498981
1200	0.6471079002996409
1201	0.6573055101477582
1202	0.665982216781711
1203	0.6685989569432987
1204	0.6429291719235248
1205	0.6755195285962976
1206	0.6312931605747768
1207	0.6567606955581571
1208	0.6504184888756793
1209	0.6493221780528193
1210	0.6689965858222535
1211	0.6541580768845836
1212	0.6478487571574146
1213	0.6345620007248398
1214	0.6328566178031589
1215	0.6386984120244565
1216	0.6421318765012374
1217	0.6578996551703222
1218	0.6566213287922166
1219	0.6658573506041343
1220	0.6419766349081667
1221	0.6445541855711374
1222	0.6380448430221274
1223	0.6597174887331376
1224	0.6584183592233599
1225	0.6440220708432405
1226	0.6649348099039208
1227	0.6283776893378785
1228	0.6325530531983938
1229	0.6503665521278145
1230	0.6538698184564247
1231	0.6508223729103989
1232	0.6577528011724816
1233	0.6306555611746651
1234	0.6358567705805998
1235	0.6357467840917362
1236	0.6447042619219477
1237	0.6241114361685995
1238	0.6381752535423136
1239	0.6161889022921924
1240	0.6366621218853116
1241	0.6248263246524408
1242	0.6452196962344721
1243	0.6600964943074291
1244	0.6246883795128105
1245	0.637975751983453
1246	0.6329397829423039
1247	0.6247581813646399
1248	0.6731287796304833
1249	0.633520043414572
1250	0.6406425807787024
1251	0.6284388192692159
1252	0.6538674016916974
1253	0.6350649721133783
1254	0.6337161330702883
1255	0.6437805365331425
1256	0.6475819178989956
1257	0.6465507175611414
1258	0.6220912104067595
1259	0.6313812540184637
1260	0.6278962318941673
1261	0.638168856223918
1262	0.6423477267626649
1263	0.6565898160756745
1264	0.6388131372676873
1265	0.6333096901082104
1266	0.6563488030285569
1267	0.6448545278229328
1268	0.6458457330739276
1269	0.6310593030467537
1270	0.6564213059703756
1271	0.6311335593276883
1272	0.6346583396011258
1273	0.637503535110758
1274	0.6359183269998302
1275	0.640151029788189
1276	0.6379857033676242
1277	0.6574927383328076
1278	0.6231527861601077
1279	0.6519652656886888
1280	0.6529742886561044
1281	0.6368320536169206
1282	0.6306168455514849
1283	0.629510678119541
1284	0.6471273291925466
1285	0.6343063923142711
1286	0.6311411887222196
1287	0.6170233969362626
1288	0.6154941061268682
1289	0.644508977854474
1290	0.6444605003972972
1291	0.6295615249539014
1292	0.6270512172154018
1293	0.6400880517426485
1294	0.6406148590656541
1295	0.6344877444439053
1296	0.6484456980450554
1297	0.6408954407117382
1298	0.6472582609757133
1299	0.6551751083468799
1300	0.6411871110430415
1301	0.6390712572180707
1302	0.6535050291452349
1303	0.6399461260493498
1304	0.6312531654879173
1305	0.6371165210415858
1306	0.6714080905321962
1307	0.6380791989912898
1308	0.6563367665924641
1309	0.6352226778587199
1310	0.6559197088206037
1311	0.6276803342451961
1312	0.646686151160957
1313	0.6443772404830649
1314	0.6437313956503542
1315	0.6400777212581279
1316	0.6479103609641886
1317	0.6514877414111024
1318	0.6231886111431241
1319	0.621221601592828
1320	0.6439425071574146
1321	0.6527481552976999
1322	0.6237126699885966
1323	0.6401480917604814
1324	0.629955268054275
1325	0.6208151586307502
1326	0.643139288292168
1327	0.6352427227896933
1328	0.6305977009838413
1329	0.6229225774729474
1330	0.6377365870505386
1331	0.6291655072514315
1332	0.6256087403860151
1333	0.6068511868115538
1334	0.6238996612359278
1335	0.649222711598651
1336	0.6231185249660326
1337	0.6353629923755337
1338	0.6257648349548719
1339	0.6325860823163335
1340	0.62383426642566
1341	0.6049846862413868
1342	0.634210811638684
1343	0.6395030051284696
1344	0.614718751137301
1345	0.650198705448127
1346	0.6115449703998447
1347	0.6330543660229038
1348	0.6375194573254319
1349	0.6393680927916343
1350	0.6310036226829386
1351	0.6391917637416294
1352	0.6466543067316091
1353	0.6277848237789936
1354	0.6299190639709094
1355	0.6249202467639994
1356	0.6150264858459094
1357	0.6238672007685122
1358	0.6242451164292993
1359	0.614612887364737
1360	0.6500437481803183
1361	0.6161927406832298
1362	0.6255705460258152
1363	0.6211562541701039
1364	0.6179017250582298
1365	0.6287598698775961
1366	0.6415659270671584
1367	0.6220927741957007
1368	0.649460928780692
1369	0.6325871248422943
1370	0.6339382384874805
1371	0.6316668113566334
1372	0.6160680166682841
1373	0.6201122591954581
1374	0.6196661528593265
1375	0.6110280670734666
1376	0.6203147935571137
1377	0.6276210524280619
1378	0.6185193743024554
1379	0.612609578955988
1380	0.6312325992939635
1381	0.6204276706861414
1382	0.6264157502547555
1383	0.6138877157839189
1384	0.6078978354886452
1385	0.623676608067862
1386	0.6367004584081425
1387	0.6040075077033191
1388	0.6139823487086326
1389	0.6349269795862044
1390	0.6161677200601708
1391	0.6032355172293526
1392	0.6325023959142081
1393	0.633517294937039
1394	0.6219430295576961
1395	0.6281833530212781
1396	0.6154876140333851
1397	0.6156317195536928
1398	0.614482713782269
1399	0.6277206136573176
1400	0.6237706723420516
1401	0.5915636335100446
1402	0.6213479367842586
1403	0.6255850466141789
1404	0.6073076236322059
1405	0.6184990924337636
1406	0.6212964739118304
1407	0.6023856690211326
1408	0.6420150662060851
1409	0.626009970718289
1410	0.6288516595496895
1411	0.6149769658627717
1412	0.6202402529509171
1413	0.6304908894604038
1414	0.622977025760627
1415	0.6265886200140722
1416	0.6279094056313083
1417	0.6421598825395477
1418	0.63580928826184
1419	0.6358128423276155
1420	0.6199527053359133
1421	0.6371341965953756
1422	0.6357791497840645
1423	0.6468047147952252
1424	0.6365506663825942
1425	0.6255397915099719
1426	0.6307615197223165
1427	0.6272658827882376
1428	0.6307038016941237
1429	0.6342467787843313
1430	0.629427797305658
1431	0.6451743937427212
1432	0.6226269739755192
1433	0.6540961413650039
1434	0.6365134197732677
1435	0.62606508243158
1436	0.6307078296353358
1437	0.610550732346055
1438	0.627941534385918
1439	0.617459267562961
1440	0.6173281936171633
1441	0.6181506044375971
1442	0.6157927898146351
1443	0.6233177895871749
1444	0.6053067793757279
1445	0.601987139778848
1446	0.616848631675199
1447	0.6031387992527174
1448	0.617486894500922
1449	0.6219855835719138
1450	0.6167540935255726
1451	0.6229878775081279
1452	0.5856800434752281
1453	0.6065578579162219
1454	0.5942761438973942
1455	0.6323058797705988
1456	0.606098625230493
1457	0.624126268469769
1458	0.6149269720041974
1459	0.6382033543557114
1460	0.6125047103218411
1461	0.612365296168357
1462	0.6168092526264072
1463	0.604330927688883
1464	0.6229092615731755
1465	0.6118501935686383
1466	0.6283684487668624
1467	0.5976138381484133
1468	0.6196787579459433
1469	0.6120603573248253
1470	0.6201193673270089
1471	0.6058887457995681
1472	0.6033324247561627
1473	0.6382203190963461
1474	0.5925157440375097
1475	0.6139929635184151
1476	0.6194653718367867
1477	0.6169476716414742
1478	0.5991360682138005
1479	0.6142406108216469
1480	0.6155289833590111
1481	0.6013346606900233
1482	0.5947727179675368
1483	0.5955837083899457
1484	0.6309308354158579
1485	0.5988468146472243
1486	0.6184314230213994
1487	0.6096375269919448
1488	0.616247520683715
1489	0.6120393646429785
1490	0.616285857206546
1491	0.6201036820500534
1492	0.6263614915172506
1493	0.6243048721218701
1494	0.6255735314410665
1495	0.6057724567673961
1496	0.6080033675484036
1497	0.6008111704950747
1498	0.616293676151252
1499	0.6389847275633249
1500	0.6194575528920807
1501	0.6214030958850931
1502	0.6218732750934103
1503	0.5913222887501213
1504	0.653838969165494
1505	0.6166635359296148
1506	0.6223438807896206
1507	0.633150657511646
1508	0.6158787508188568
1509	0.6128342433005386
1510	0.6168876316236414
1511	0.6178906363730104
1512	0.6283811486285665
1513	0.6153695716620973
1514	0.5898493417301534
1515	0.6203124241799302
1516	0.6144835193705115
1517	0.6098933249526883
1518	0.6222672551315024
1519	0.6227572423330745
1520	0.6287937045837781
1521	0.6086333849415275
1522	0.6363447201177941
1523	0.6099791437942789
1524	0.627804442222074
1525	0.6227860539596274
1526	0.5984766231560559
1527	0.6302501607385481
1528	0.6243948136797602
1529	0.6353950263550563
1530	0.6197517821507424
1531	0.6468123441897564
1532	0.6364940856554493
1533	0.6207491477824146
1534	0.6288588150687839
1535	0.6410606810765237
1536	0.6587710647109133
1537	0.673656866417168
1538	0.6542899564186239
1539	0.6504745009523001
1540	0.6732055474512325
1541	0.6676206884917265
1542	0.6708802406832298
1543	0.6739710458317159
1544	0.6889499640612868
1545	0.6635474447878251
1546	0.6837287097243789
1547	0.7065228290439393
1548	0.6823246641929105
1549	0.6870062691824776
1550	0.6871773856026786
1551	0.6751085364300272
1552	0.693129261087927
1553	0.6631019544897613
1554	0.6706392276361122
1555	0.6837510766449922
1556	0.705377661663553
1557	0.6776511624733114
1558	0.6887779472777562
1559	0.65676344403569
1560	0.6957807837065703
1561	0.6722345292938422
1562	0.6764825856463509
1563	0.6755718918320555
1564	0.6809323707722729
1565	0.664508985436481
1566	0.6727003014605978
1567	0.6814281392541731
1568	0.6798083382363646
1569	0.6798748703476805
1570	0.6805128488481414
1571	0.6731519047517954
1572	0.6721236898291926
1573	0.66668701171875
1574	0.6608863024978164
1575	0.6588187839673914
1576	0.6797872507794304
1577	0.6853571826626795
1578	0.6996453326681386
1579	0.6581872975604134
1580	0.6852869069354134
1581	0.6839696753839528
1582	0.6878619460585695
1583	0.6981192168241702
1584	0.6858332853139557
1585	0.6679395118855541
1586	0.6820277338442595
1587	0.6872831546001553
1588	0.6828152674325505
1589	0.6677111513125971
1590	0.6920576865628639
1591	0.6977924797105493
1592	0.6937569091038674
1593	0.6784119220994274
1594	0.6833490881120196
1595	0.6884704021193226
1596	0.6873018252923622
1597	0.6784099792101368
1598	0.6838344313343119
1599	0.6736934496008832
1600	0.6862930866502086
1601	0.6653307802188471
1602	0.681660148667993
1603	0.6824544586750291
1604	0.6701584336180124
1605	0.678644547551315
1606	0.6798639712126359
1607	0.7072122230292848
1608	0.6907309775026689
1609	0.6559527379385433
1610	0.6567490382224136
1611	0.6610989304062742
1612	0.690512710476514
1613	0.6804711004221662
1614	0.6560511618667508
1615	0.6789020514636306
1616	0.650152123492697
1617	0.6937227426848797
1618	0.6803792633625291
1619	0.6752135472268052
1620	0.6734310173840257
1621	0.6773711020902077
1622	0.6613268171037946
1623	0.6603393080812063
1624	0.6729410775699971
1625	0.6673025285235102
1626	0.6804242815290179
1627	0.6552439624478358
1628	0.6807893551654697
1629	0.6643476782378203
1630	0.6672180365331425
1631	0.6518339548051727
1632	0.6524301848796584
1633	0.6592067931749805
1634	0.6611285950086132
1635	0.6712319984199098
1636	0.6543701835300612
1637	0.6718443876467877
1638	0.6749535317746749
1639	0.6477101485921729
1640	0.6515412419479086
1641	0.6509459122367527
1642	0.6561694885633007
1643	0.6587250040184637
1644	0.6625043975640528
1645	0.657074258934637
1646	0.6653621033852145
1647	0.6632157319821186
1648	0.6612589581412558
1649	0.6319116627947884
1650	0.6441574570555124
1651	0.6655258273486024
1652	0.6802108006447739
1653	0.6630622911157075
1654	0.6451914058708996
1655	0.6663524556604231
1656	0.64032821181398
1657	0.6450681034822642
1658	0.6726573683460306
1659	0.6454956812888198
1660	0.6647411370129319
1661	0.648357651988912
1662	0.6465443202427456
1663	0.655043892238451
1664	0.6496371630556095
1665	0.6392704744516693
1666	0.6393906966499661
1667	0.6634314400809151
1668	0.6632091451135481
1669	0.653711544060559
1670	0.6459260549604523
1671	0.659104483468192
1672	0.6607693026524893
1673	0.6750647029521303
1674	0.6480123863457152
1675	0.6576936615179785
1676	0.6510279874623932
1677	0.6700455091014412
1678	0.6409511684630969
1679	0.6674846388538431
1680	0.6420912179887664
1681	0.6502899264696962
1682	0.6611063702506308
1683	0.673245116050199
1684	0.6376087354577106
1685	0.6212022674750097
1686	0.6641518255198224
1687	0.6409781319754464
1688	0.6698603659683133
1689	0.649943997400888
1690	0.6571049660629367
1691	0.6515717121384899
1692	0.6570819831042556
1693	0.6494015048009268
1694	0.6606813039838898
1695	0.6491371296947788
1696	0.6552540086070944
1697	0.6611904357531055
1698	0.6377323695591518
1699	0.6490482306628493
1700	0.6689754983653193
1701	0.6236695473238548
1702	0.6325332925926824
1703	0.6483437674386161
1704	0.6386268568335113
1705	0.6596739869680464
1706	0.6374118876012956
1707	0.6442219515024505
1708	0.6514971715322933
1709	0.6415162649213898
1710	0.6569537997986219
1711	0.6275696843307211
1712	0.6334476826353843
1713	0.6404555895313713
1714	0.6224321637834821
1715	0.6452032053692741
1716	0.6412119895034696
1717	0.666309806871118
1718	0.6285121751868207
1719	0.6415056027240634
1720	0.6633263345090499
1721	0.6222767800277804
1722	0.6372840360084676
1723	0.626321212105129
1724	0.6475121160471662
1725	0.6492484430348651
1726	0.6371580325298428
1727	0.664892113727072
1728	0.6404693319190363
1729	0.6279750847668382
1730	0.6450757328767954
1731	0.6524929259874805
1732	0.6380383035411006
1733	0.6325725294788431
1734	0.6395620973954289
1735	0.651855184424738
1736	0.6367810172323854
1737	0.6316421224463801
1738	0.6429758486540421
1739	0.6464174637883346
1740	0.6309704987899117
1741	0.6188392402222438
1742	0.6306267495481124
1743	0.623429434640067
1744	0.6351032138611219
1745	0.6460685966918187
1746	0.6460253318644459
1747	0.629422300350592
1748	0.6266375713466857
1749	0.6213188408324437
1750	0.6466372946034307
1751	0.6146244025378493
1752	0.6315695721170177
1753	0.6470025104025136
1754	0.6512573431737675
1755	0.6461088761039402
1756	0.6418632839037024
1757	0.632125333229207
1758	0.6492740796959918
1759	0.6393864791585792
1760	0.6198165135353989
1761	0.6070063810170807
1762	0.6528624540530377
1763	0.6349961653999661
1764	0.6291240431507181
1765	0.6379537167756454
1766	0.6275931411648389
1767	0.6406359465225883
1768	0.6302814839049156
1769	0.6204210364300272
1770	0.6430313394676824
1771	0.6477645494923088
1772	0.6410638560419497
1773	0.6300757271902901
1774	0.6476898193359375
1775	0.6260193060643925
1776	0.6391030068723311
1777	0.6315067836216518
1778	0.6079329496585064
1779	0.6247215507933812
1780	0.6440526358089091
1781	0.629036850070361
1782	0.6534187838157511
1783	0.6129984411393633
1784	0.6647458283797555
1785	0.6334593873586714
1786	0.6287573109502378
1787	0.6095356437730493
1788	0.6384038510529891
1789	0.6302021097692644
1790	0.6314441846764606
1791	0.6225013969847875
1792	0.633401290230129
1793	0.6326694843931968
1794	0.6417536765151883
1795	0.6498375649777999
1796	0.6231008494122429
1797	0.6405301775251117
1798	0.6259080874993934
1799	0.6234418975640528
1800	0.6447957198812354
1801	0.6166599818638393
1802	0.6438740795443517
1803	0.644653035987238
1804	0.6319696651482434
1805	0.6355222145222729
1806	0.6415391057174399
1807	0.6308703215225883
1808	0.625100508980129
1809	0.6494167162024457
1810	0.6489492380841179
1811	0.6503398729407269
1812	0.6085106038158725
1813	0.6540790818492819
1814	0.6320576164292993
1815	0.6349234729079727
1816	0.6435481006314295
1817	0.6386275202591226
1818	0.6391954125824922
1819	0.6358202821719721
1820	0.6366583308818178
1821	0.624489730929736
1822	0.626944595242139
1823	0.6442808068316915
1824	0.6082405895920273
1825	0.6447159192576912
1826	0.6441852735436481
1827	0.6506753767499273
1828	0.6425407362280425
1829	0.6232194604340547
1830	0.6365155996002766
1831	0.6148390681106851
1832	0.6264184513447447
1833	0.6529371368218653
1834	0.6373961549367964
1835	0.6476144731414984
1836	0.6218000613384366
1837	0.6294631010256939
1838	0.6403165544782367
1839	0.6181554853545953
1840	0.6294114959906347
1841	0.6195453146229619
1842	0.6011011348748059
1843	0.6282369957207152
1844	0.6329800623544255
1845	0.6572949901130629
1846	0.635944247986219
1847	0.6222629902525718
1848	0.6225625269161248
1849	0.6210012969022952
1850	0.6253558804529794
1851	0.6251801674410423
1852	0.6227536408797555
1853	0.6525719210227824
1854	0.6451989404903435
1855	0.637597694160035
1856	0.638433515655328
1857	0.6209526298949437
1858	0.6235282850561675
1859	0.6487477462484229
1860	0.6418864564125583
1861	0.6390839570797748
1862	0.6205556644416004
1863	0.6278324482603843
1864	0.6434431846097389
1865	0.6304303755671341
1866	0.6474607479498253
1867	0.6322516684206376
1868	0.6308484284774117
1869	0.6365421366247331
1870	0.6485916042920226
1871	0.6307802851896108
1872	0.6391648950043672
1873	0.6144051877608211
1874	0.6313603561117042
1875	0.6265184390618934
1876	0.6299428999053766
1877	0.6031461917095303
1878	0.6286271373677698
1879	0.632343031604838
1880	0.6408350689810995
1881	0.6284782457055512
1882	0.6419193433678668
1883	0.6359972272600446
1884	0.6037370196040373
1885	0.6182422993346031
1886	0.615822880904867
1887	0.6362844905497865
1888	0.621097067128057
1889	0.6333711517523535
1890	0.6076050278562937
1891	0.6330558824243012
1892	0.6005302097486414
1893	0.6311267829089431
1894	0.6307698599300029
1895	0.6343950544084821
1896	0.618056161063058
1897	0.6606377074437112
1898	0.6165043611704193
1899	0.6241423802346177
1900	0.6241784421553523
1901	0.6401503663625776
1902	0.6171159448090547
1903	0.6376111996099816
1904	0.6212709794133346
1905	0.6232899730990392
1906	0.6295792478952349
1907	0.6404684315557065
1908	0.652468853115295
1909	0.6166243464309976
1910	0.6116242971479523
1911	0.6340665639557453
1912	0.6186403073139072
1913	0.6276399600579872
1914	0.6255487477557259
1915	0.6155352385147758
1916	0.6233420993970789
1917	0.6053479117636354
1918	0.6180299083638635
1919	0.6125995327967294
1920	0.6208960965553426
1921	0.6297672816685268
1922	0.6243926338527513
1923	0.610351420337369
1924	0.6112456706740101
1925	0.6189280444790858
1926	0.6123278126213121
1927	0.637118653481051
1928	0.6137768763192692
1929	0.6115970966978843
1930	0.6163397368437015
1931	0.6086409669485151
1932	0.62261962890625
1933	0.6205818223657075
1934	0.622827186347535
1935	0.6307833179924058
1936	0.6156632322702349
1937	0.631000400329969
1938	0.6322084509808085
1939	0.6283325763963024
1940	0.6268079295661879
1941	0.644162006259705
1942	0.6215474383431192
1943	0.6426165089103746
1944	0.6359016939720011
1945	0.6034225084766838
1946	0.6253019534282803
1947	0.6169759620050466
1948	0.6258298032772467
1949	0.6414321994189149
1950	0.622855524098651
1951	0.6215724589661782
1952	0.6180254065472147
1953	0.610067948051121
1954	0.6259206451984666
1955	0.6234650226853649
1956	0.6022068284313131
1957	0.6103543583650767
1958	0.6481787166240053
1959	0.6375796868934395
1960	0.6574470093531638
1961	0.6330521861958948
1962	0.606237470733453
1963	0.6199085875327542
1964	0.6145681535235102
1965	0.6213024921298768
1966	0.6314308687766886
1967	0.6215906557829484
1968	0.6143826786775767
1969	0.628731816451742
1970	0.6382759046850738
1971	0.6185330693025767
1972	0.6279169402507522
1973	0.6143265718258686
1974	0.6134883335658482
1975	0.6408873374417702
1976	0.621536776145793
1977	0.6090717671080406
1978	0.6105920068965935
1979	0.6211242201905813
1980	0.6009554181780133
1981	0.6012338673846321
1982	0.6076295272163723
1983	0.6359877497513101
1984	0.613254049549932
1985	0.6202701071034307
1986	0.6154742981336132
1987	0.6026496650269313
1988	0.6180862995408336
1989	0.6133167432702106
1990	0.6077837262834821
1991	0.6117881632739712
1992	0.6028740450462199
1993	0.6190324866253397
1994	0.6003043133279552
1995	0.6092951993764557
1996	0.6219110429657172
1997	0.6119682359399262
1998	0.6074329636852194
1999	0.5972210427989131
2000	0.6024455194887908
2001	0.6107248815690508
2002	0.6240948979158579
2003	0.6244904891304348
2004	0.623096489758225
2005	0.6177495636554978
2006	0.6024793068074291
2007	0.635235235557793
2008	0.6202851289547748
2009	0.6273079629270186
2010	0.6004447226198564
2011	0.6160236619274069
2012	0.6189557661921341
2013	0.6192368691011986
2014	0.6186933813628203
2015	0.6118755459045031
2016	0.619271225070361
2017	0.6307664954144022
2018	0.6138306611813373
2019	0.6167046683175224
2020	0.6097622036193469
2021	0.6014687200510724
2022	0.6169962438737383
2023	0.6023148246433424
2024	0.6017187841190315
2025	0.6127150636282026
2026	0.6263163311881308
2027	0.6104026936596225
2028	0.6064923683308666
2029	0.6171093105529406
2030	0.6004545792289402
2031	0.6074921507272661
2032	0.6180689083123059
2033	0.5973079989415518
2034	0.6053365861406977
2035	0.6179438051970109
2036	0.6309252436857046
2037	0.6000099419066625
2038	0.6095564469047214
2039	0.6108859518299932
2040	0.597731311869177
2041	0.6011954360867139
2042	0.6135377587738985
2043	0.5987356908573127
2044	0.6087764479358744
2045	0.6000556708863063
2046	0.6055625299489276
2047	0.6214840338096855
2048	0.5835191240962248
2049	0.5792173776567352
2050	0.60476149091069
2051	0.6099989043999903
2052	0.586169793739082
2053	0.6293232129967731
2054	0.6130237460876844
2055	0.6184100038516596
2056	0.5966317786933473
2057	0.6115102353303329
2058	0.5979489628572642
2059	0.5937036075947447
2060	0.609768980038092
2061	0.6139197497634414
2062	0.6269722221801
2063	0.600510591305561
2064	0.6225406812584918
2065	0.6062481329307793
2066	0.620052977378324
2067	0.6127766674349767
2068	0.6167508711726029
2069	0.5988557708929785
2070	0.6276195360266644
2071	0.6157914629634123
2072	0.6184621301496992
2073	0.5975327580611899
2074	0.5858476532171972
2075	0.6150543497215887
2076	0.6014315682168333
2077	0.6169121309837199
2078	0.5952071669679251
2079	0.6052854549810753
2080	0.6123497056664887
2081	0.5920948478746118
2082	0.604067405558521
2083	0.5941706118376359
2084	0.5843209687227048
2085	0.6045535543690557
2086	0.5904521586732094
2087	0.6255059568037898
2088	0.5930366279175563
2089	0.5981688884474476
2090	0.6096399911442159
2091	0.5985030654054251
2092	0.5931092256344623
2093	0.5975712367466518
2094	0.6200437368073078
2095	0.6019569539135288
2096	0.6040912414929882
2097	0.6134517503821332
2098	0.601217850394871
2099	0.6094538528726708
2100	0.6025937003378542
2101	0.5929526098026252
2102	0.6072998520750437
2103	0.6010166428844381
2104	0.610434443313883
2105	0.5967314820852339
2106	0.6264294926424204
2107	0.5997630528041294
2108	0.5880794169739907
2109	0.5865989353345789
2110	0.595550963597268
2111	0.5999434571828901
2112	0.5943990197981367
2113	0.6044086432605056
2114	0.6225880688021642
2115	0.6091593866762908
2116	0.5983917994528823
2117	0.6071650819008395
2118	0.608484351116678
2119	0.5969248706509608
2120	0.6013566958978309
2121	0.6009878786454289
2122	0.6161903239185025
2123	0.5912685038880532
2124	0.5834856684903921
2125	0.595611145777732
2126	0.5776853383698078
2127	0.584328740279867
2128	0.6185216489045516
2129	0.6397113681579969
2130	0.5839548051727484
2131	0.5922390955575505
2132	0.6128409249441964
2133	0.5906525132078562
2134	0.6040853180500291
2135	0.6015264380792653
2136	0.6118849286381502
2137	0.6040538527210306
2138	0.6050580895465353
2139	0.6006110055106026
2140	0.5993777446865295
2141	0.5864109489488305
2142	0.6086731904782123
2143	0.5920551371130144
2144	0.6079972545552698
2145	0.6325025380768391
2146	0.6033529435625727
2147	0.604083612098457
2148	0.5948168831582396
2149	0.5976419863493546
2150	0.608584149283652
2151	0.6157365881878397
2152	0.6023652449898098
2153	0.6053115181300951
2154	0.6184117098032318
2155	0.6030990884911199
2156	0.601581455017469
2157	0.6031863289590208
2158	0.6367559018342391
2159	0.6249518542556289
2160	0.5680887921256308
2161	0.5945393343149505
2162	0.6249200572138247
2163	0.614296859835986
2164	0.6269592853806774
2165	0.6180738366168478
2166	0.6133883458486995
2167	0.6035995957273874
2168	0.6233449900372429
2169	0.6115936374071962
2170	0.6094115357961714
2171	0.6269073486328125
2172	0.615677685471055
2173	0.6336362850592003
2174	0.6034816481311869
2175	0.616116067637568
2176	0.6336780808727194
2177	0.6130291482676631
2178	0.6217460869261937
2179	0.6329184585476514
2180	0.6022350714073418
2181	0.6277010426017808
2182	0.6187511941661006
2183	0.5939540981505969
2184	0.5892778479534647
2185	0.6017020089285714
2186	0.6003155441758055
2187	0.6223830702882376
2188	0.615725973378057
2189	0.629256680885457
2190	0.642153769546414
2191	0.593802505398389
2192	0.6178380361995341
2193	0.6210028133036928
2194	0.6234730785677892
2195	0.6050361017262713
2196	0.6134519873198515
2197	0.6157491458869129
2198	0.6174264279951961
2199	0.5944041376528533
2200	0.6252075100537413
2201	0.5977208392220255
2202	0.617040693389703
2203	0.6169749194790858
2204	0.6141955452676146
2205	0.6240798286769701
2206	0.619582182131939
2207	0.6164217646817983
2208	0.6118138473226417
2209	0.6191153674392227
2210	0.625533394191576
2211	0.6164365022078805
2212	0.6357916127080503
2213	0.6187958806197836
2214	0.6280730822071525
2215	0.6146420307040955
2216	0.6613021755810851
2217	0.6397171020507812
2218	0.6233156571477096
2219	0.648559712475131
2220	0.6379893048209433
2221	0.640893734760166
2222	0.6342569671062209
2223	0.6168200569863646
2224	0.6300448778993595
2225	0.6088151635590547
2226	0.6393616480856948
2227	0.628839717888684
2228	0.6225912911551339
2229	0.6335615075152853
2230	0.6084030340917362
2231	0.6222301980723506
2232	0.6312318410932648
2233	0.6280412851653484
2234	0.6221238130368061
2235	0.624991328079508
2236	0.6167375078852873
2237	0.6028510620875388
2238	0.6136918156783774
2239	0.6279386911332977
2240	0.6121945114609617
2241	0.6183984886785472
2242	0.6139563329471565
2243	0.6104602221376407
2244	0.6052223347729038
2245	0.6372466472365101
2246	0.6058149160065266
2247	0.6310528583408143
2248	0.6337890625
2249	0.6332674678067983
2250	0.6501795608804833
2251	0.6073702225773971
2252	0.6361990034210016
2253	0.6109059019858792
2254	0.6214911419412364
2255	0.6310439968701476
2256	0.6226225669339577
2257	0.6404609443238063
2258	0.6263326325031541
2259	0.6282837672263198
2260	0.6405542977848409
2261	0.6115342608149748
2262	0.6308262037194293
2263	0.6209899712793575
2264	0.630753937715329
2265	0.6106017213430464
2266	0.6196220350561675
2267	0.6372784442783143
2268	0.5973961397727824
2269	0.6170411672651398
2270	0.6118301012501213
2271	0.6382228306361607
2272	0.6340745250630823
2273	0.6253142741896351
2274	0.6177006123228843
2275	0.608010665230129
2276	0.6212157729249563
2277	0.6362982803249951
2278	0.6120591252486899
2279	0.626498251968289
2280	0.6061854865980445
2281	0.6078511113705842
2282	0.6151139632515286
2283	0.5926326017202057
2284	0.6077451054353892
2285	0.6069735414493158
2286	0.6144508693529211
2287	0.6254754392256648
2288	0.6374606967712781
2289	0.6021114846934443
2290	0.5960695728752183
2291	0.6088497564659355
2292	0.5980168692073466
2293	0.606564207847074
2294	0.6186149075904989
2295	0.6075797229079727
2296	0.6035986953640576
2297	0.6232269002784113
2298	0.5975151772824874
2299	0.6069576192346419
2300	0.6177289500740004
2301	0.6118205763538431
2302	0.6136872190866411
2303	0.5902833168551048
2304	0.6100112725488888
2305	0.6092708421790082
2306	0.6234408076505483
2307	0.6003048819784792
2308	0.6065214168951378
2309	0.5969451525196525
2310	0.6010456440611656
2311	0.5900100802782899
2312	0.6095609487213703
2313	0.5903493750909841
2314	0.598974571464965
2315	0.609729506214213
2316	0.6089501706709773
2317	0.5949235051315024
2318	0.5957437835124709
2319	0.6068133241641596
2320	0.6151836703282706
2321	0.6118691485861073
2322	0.6147137280576718
2323	0.619257340520065
2324	0.6160578283463946
2325	0.6024910115307163
2326	0.6108675654630483
2327	0.6163503516534841
2328	0.5997917222680512
2329	0.6417547664286928
2330	0.5926815056652757
2331	0.605263372385724
2332	0.6000993622015722
2333	0.6001065177206667
2334	0.6042608415117915
2335	0.598505387395065
2336	0.5930071054778484
2337	0.587968293184079
2338	0.608886292262107
2339	0.6072297185104086
2340	0.6205827701165809
2341	0.5908912990404211
2342	0.6085407896811917
2343	0.6150955768845836
2344	0.5994496789778242
2345	0.5880131691879367
2346	0.6020157618552261
2347	0.6040385939319681
2348	0.6102039976890042
2349	0.6060031393299932
2350	0.6073621666949728
2351	0.6069345415008734
2352	0.6038007084627329
2353	0.5860372033918867
2354	0.6088492352029552
2355	0.6096505585664548
2356	0.5914404732840401
2357	0.611178427749539
2358	0.6022687639508929
2359	0.6142210871536539
2360	0.628390199649408
2361	0.6123706509607919
2362	0.6051593093398195
2363	0.6095315684442935
2364	0.6114021443432163
2365	0.6087181138696137
2366	0.9246595868412752
2367	0.6653538105650718
2368	0.6554799050277804
2369	0.6760050139812209
2370	0.6929729769688956
2371	0.7009815666246118
2372	0.7141526026755386
2373	0.7111007027004076
2374	0.6982492008564635
2375	0.7503888147958317
2376	0.6960111819439053
2377	0.7123001762058424
2378	0.7294340903714577
2379	0.7038725385014315
2380	0.7362469027501456
2381	0.684914819942498
2382	0.7021855893342391
2383	0.6999243505252815
2384	0.7139205458741751
2385	0.7058769842112287
2386	0.721540984159671
2387	0.6951332803098311
2388	0.7270190789832832
2389	0.6936690525978989
2390	0.6938221617515042
2391	0.6851935060868352
2392	0.6793387276785714
2393	0.6862889165463655
2394	0.682222923136646
2395	0.6821111833086665
2396	0.6836359249138684
2397	0.6891280938379513
2398	0.6981731438488694
2399	0.670174261057599
2400	0.6614790258940703
2401	0.7028660270738305
2402	0.6808059408057551
2403	0.6570175834324049
2404	0.6928033295625485
2405	0.6785126680172748
2406	0.6891619285441334
2407	0.6437976908239519
2408	0.6680115883394798
2409	0.6717418883898243
2410	0.6695209289929882
2411	0.6726308313215742
2412	0.6885669305457832
2413	0.6718799283045419
2414	0.6644056805912752
2415	0.6526731882036102
2416	0.6766903800253542
2417	0.6642834681161442
2418	0.6544265273194876
2419	0.6524877607452203
2420	0.6706931072732677
2421	0.6607404436383929
2422	0.649447328555658
2423	0.6425323012452688
2424	0.652243383182502
2425	0.667510559840232
2426	0.6643229419400233
2427	0.6485828375964431
2428	0.6616969138198758
2429	0.6695078026433909
2430	0.6589269697295953
2431	0.6448925800205018
2432	0.6644601288789548
2433	0.6445560336853406
2434	0.6362267251340499
2435	0.6553732830545177
2436	0.66864620232434
2437	0.6546338004355104
2438	0.6585797138095643
2439	0.6378020292483502
2440	0.6689011473092974
2441	0.6181035959942741
2442	0.6594361488863548
2443	0.6720299572678086
2444	0.6653573172433036
2445	0.6342143657044594
2446	0.6505791326487287
2447	0.6591810617387664
2448	0.6300104745426534
2449	0.6567361014229911
2450	0.6339812663771351
2451	0.6396933135038577
2452	0.6270638223020186
2453	0.6395155628275427
2454	0.654776484329508
2455	0.6415469720496895
2456	0.6545003571125291
2457	0.6420452046838606
2458	0.6392287260256939
2459	0.6276197729643828
2460	0.637160307131939
2461	0.6559036918308424
2462	0.652054638596055
2463	0.636668708753882
2464	0.6453514336058812
2465	0.6411753115446671
2466	0.653206487620099
2467	0.6444197471097389
2468	0.6347798412631017
2469	0.6587336759389557
2470	0.6607704873410811
2471	0.6659737344113936
2472	0.6407052271114373
2473	0.6423581046347292
2474	0.6146979006180852
2475	0.6452958480171536
2476	0.6444567093938034
2477	0.6186258067255435
2478	0.6308554892214189
2479	0.609896262980396
2480	0.6513692251643779
2481	0.6411910915967101
2482	0.6127135472268052
2483	0.6255642908700505
2484	0.6338247927079289
2485	0.6276542237086326
2486	0.6393526918399408
2487	0.6504867269385676
2488	0.632333174995754
2489	0.6343024117606026
2490	0.6358548276913092
2491	0.6445722876128203
2492	0.6424224569190363
2493	0.639815052103552
2494	0.6441922869001117
2495	0.6408701831509608
2496	0.6417435355808424
2497	0.6268546536842489
2498	0.628190176827567
2499	0.6483143397739956
2500	0.665122369801776
2501	0.6258702248519992
2502	0.6379134847510676
2503	0.6484505315745099
2504	0.6186604944075117
2505	0.6465794818001505
2506	0.6260904821549883
2507	0.6269396669375971
2508	0.633655998277368
2509	0.6358541168781541
2510	0.6433724350070361
2511	0.6139453390370244
2512	0.6185379502195749
2513	0.6418343301145186
2514	0.6439694706697642
2515	0.6201583198879076
2516	0.6446278732015479
2517	0.6355286592282123
2518	0.6272394405388684
2519	0.6308271988578464
2520	0.6241713814113451
2521	0.6437476495778338
2522	0.6372936082922894
2523	0.6385334085973894
2524	0.6436550069299544
2525	0.6231553450874661
2526	0.6164806673985831
2527	0.6476054695082007
2528	0.6288482950340887
2529	0.6483065682168333
2530	0.6505673331503542
2531	0.6282240115337491
2532	0.6323520826256793
2533	0.638480524098651
2534	0.641088829277465
2535	0.6463098940641984
2536	0.6261495270344041
2537	0.627402358914014
2538	0.6200691839182599
2539	0.6239137827239422
2540	0.6361484882994468
2541	0.6359659040936773
2542	0.617221334706182
2543	0.6349196345169351
2544	0.6298747566175757
2545	0.630001707847074
2546	0.6270125015922214
2547	0.6270330677861753
2548	0.6118409056100786
2549	0.6248492602235782
2550	0.6193805955211569
2551	0.6209376554311432
2552	0.6400369679705696
2553	0.6171768851902174
2554	0.6412759152998836
2555	0.627130733513684
2556	0.6332442479103989
2557	0.6167289781274262
2558	0.6094118201214335
2559	0.6136427695706764
2560	0.6375493588654891
2561	0.6274443442777077
2562	0.5978170359356804
2563	0.6322382577457784
2564	0.6071581159319196
2565	0.6096250166804154
2566	0.6181262472401494
2567	0.6180807078106804
2568	0.6039227313876893
2569	0.6133678744298331
2570	0.6265541218822788
2571	0.6018726514733356
2572	0.6207345998065071
2573	0.6147034449606948
2574	0.6031114566400184
2575	0.608298355007764
2576	0.6342114750642954
2577	0.6121487350937742
2578	0.6059315841390479
2579	0.620186752414111
2580	0.6030911747713267
2581	0.6181800794897613
2582	0.6276160767359763
2583	0.61789243709967
2584	0.610470742172336
2585	0.6302278885930221
2586	0.6008261449588752
2587	0.6310039070082007
2588	0.6176646925647806
2589	0.6442203877135093
2590	0.6050037834214868
2591	0.6207150287509705
2592	0.6169190021775524
2593	0.6160412900936529
2594	0.6045729358744177
2595	0.6306381699461374
2596	0.622622093058521
2597	0.6170878439956571
2598	0.5996626859866314
2599	0.6258449672912219
2600	0.6071774974372817
2601	0.625626842427698
2602	0.630523255152732
2603	0.6374500345739519
2604	0.6225584989749127
2605	0.627676874954508
2606	0.6358323186080649
2607	0.6119203745208172
2608	0.6403396795995487
2609	0.6124486508576766
2610	0.6257055057501941
2611	0.6075875892402223
2612	0.631719648467828
2613	0.6003134591238839
2614	0.6253279218022127
2615	0.6217472242272418
2616	0.6228984572132181
2617	0.6163634306155377
2618	0.6235447759213655
2619	0.6036960767663043
2620	0.6329265144300757
2621	0.60040283203125
2622	0.6126387696828901
2623	0.5992065334912413
2624	0.627236312960986
2625	0.6049088661715111
2626	0.6175061338436529
2627	0.6073412687882133
2628	0.6070530103600543
2629	0.6273265862316819
2630	0.6215815099870196
2631	0.6189323093580164
2632	0.6151482718331474
2633	0.6213682186529503
2634	0.6279281237110588
2635	0.6223839232640237
2636	0.6195017654703271
2637	0.6326086387871215
2638	0.6049261626249515
2639	0.6111625529224087
2640	0.624034431410132
2641	0.6042597042107434
2642	0.6267162820567256
2643	0.6187419535950844
2644	0.605724168860394
2645	0.6129223367442256
2646	0.624517500030328
2647	0.6180372060455891
2648	0.5934708399802261
2649	0.6101209273249466
2650	0.6365794306216033
2651	0.611419962059637
2652	0.6074814411423961
2653	0.6203908031771642
2654	0.6215465379797894
2655	0.6224738648219138
2656	0.6129401544606463
2657	0.5996431623186383
2658	0.6236059058527028
2659	0.6198971197471855
2660	0.6369071628736414
2661	0.6109815798931241
2662	0.6200147356305804
2663	0.6218100601101514
2664	0.6366810295152368
2665	0.6292872458511258
2666	0.6116468536187403
2667	0.6193027377869031
2668	0.606267988311578
2669	0.6229863137191867
2670	0.6355824440902804
2671	0.6211206187372622
2672	0.5993036305682259
2673	0.632815106314902
2674	0.6182944730201864
2675	0.613891885887762
2676	0.6294282711810947
2677	0.6195720885851368
2678	0.6014145560886549
2679	0.6134855377007715
2680	0.6151114517117139
2681	0.5980091450377281
2682	0.6080361597286248
2683	0.6372283556446525
2684	0.6105299766019264
2685	0.6072536966075068
2686	0.6203227072769071
2687	0.6179108234666149
2688	0.622936509410787
2689	0.6173401826657123
2690	0.6203644557028823
2691	0.6219215630004125
2692	0.6011807933357192
2693	0.6058251043284162
2694	0.6087126643020914
2695	0.6230403829065169
2696	0.6085810690933133
2697	0.6032979266243692
2698	0.6145491985060414
2699	0.6135552921650572
2700	0.6337389264787946
2701	0.6039768953501068
2702	0.6235347771496507
2703	0.6057352101580696
2704	0.5882389708335355
2705	0.6165419394925514
2706	0.6149627022121263
2707	0.6054703137889412
2708	0.6113179840656541
2709	0.6112966596710016
2710	0.6004527785022806
2711	0.6322230937318032
2712	0.6141025235193857
2713	0.6176008141559103
2714	0.6277459659931822
2715	0.6123756266528775
2716	0.6205013109290082
2717	0.6184620353746118
2718	0.6364418171947788
2719	0.6265845446853164
2720	0.6075676864718799
2721	0.6175996768548622
2722	0.599132656310656
2723	0.6069322668987772
2724	0.5980514147266838
2725	0.6083525189701815
2726	0.5997439556240295
2727	0.6085620666883007
2728	0.5993168990804542
2729	0.6160253204914353
2730	0.6040793472195264
2731	0.5945976209936675
2732	0.632451786017566
2733	0.5938119355195798
2734	0.6078789752462636
2735	0.626275814838291
2736	0.6029573049604523
2737	0.6050501284391984
2738	0.5781573183047846
2739	0.612270994956449
2740	0.5916620100507085
2741	0.6062719214777028
2742	0.6062402665985297
2743	0.5838085672129756
2744	0.6244257577457784
2745	0.6177446353509559
2746	0.6048230947174641
2747	0.6056148457971419
2748	0.617511630798719
2749	0.5859546069032657
2750	0.598924103730954
2751	0.5808722454568614
2752	0.604372865665033
2753	0.6114399596030667
2754	0.5841869567491993
2755	0.6100175277046536
2756	0.6013077445652174
2757	0.600022736543454
2758	0.5829260689871651
2759	0.5903951514581716
2760	0.6294629588630629
2761	0.6141790070148728
2762	0.6053823151203416
2763	0.6106607662224621
2764	0.6039087994498495
2765	0.5996604587720789
2766	0.6235774259389557
2767	0.602675870338582
2768	0.614751875030328
2769	0.6386209807780959
2770	0.5994724723863305
2771	0.6196085769937646
2772	0.6140655138477775
2773	0.6095167835306677
2774	0.6128470379373302
2775	0.6134157832364858
2776	0.6202412007017906
2777	0.5986100190914936
2778	0.6355969920661879
2779	0.6074025408821817
2780	0.6285112748234909
2781	0.6187177385602679
2782	0.6145826541118741
2783	0.5826953864245681
2784	0.5962568010602679
2785	0.5843248545012859
2786	0.60189283856694
2787	0.6024023494365053
2788	0.5989366140424836
2789	0.6042115110788286
2790	0.6205736243206522
2791	0.5989615872779989
2792	0.6157535529284743
2793	0.6112278055700456
2794	0.6015445401209482
2795	0.607336245708584
2796	0.6004674686408191
2797	0.6201079469289839
2798	0.6290880286175272
2799	0.6777034783215257
2800	0.6127698910162316
2801	0.6209201220399845
2802	0.6266724959663723
2803	0.6190371779921633
2804	0.6259177545583026
2805	0.6074694994813907
2806	0.6161454005271011
2807	0.641665630459045
2808	0.5959120092925078
2809	0.6114508587381114
2810	0.6222344155637374
2811	0.6133018635814975
2812	0.6139188494001117
2813	0.596752427379537
2814	0.6206092123659501
2815	0.5976858672147952
2816	0.6114965403302116
2817	0.6366687561414257
2818	0.6150006596346079
2819	0.5872519356863839
2820	0.6385631679748156
2821	0.6192367269385676
2822	0.6285693719520332
2823	0.630245706309443
2824	0.5996271453288772
2825	0.6009235737486656
2826	0.6190090771787655
2827	0.6362571953246312
2828	0.619401398652829
2829	0.6139742454386646
2830	0.6229124365386015
2831	0.6206039049610588
2832	0.6094316281146884
2833	0.6196876194166101
2834	0.6180647382084627
2835	0.6239317899905377
2836	0.6011971420382861
2837	0.6256143321161685
2838	0.6176467800732726
2839	0.615719907772467
2840	0.6089990272285035
2841	0.6018436502966081
2842	0.614169576893682
2843	0.6125099703391886
2844	0.6036799650014557
2845	0.5998368352096274
2846	0.6280940748889994
2847	0.6465183518688131
2848	0.5857397043927116
2849	0.6165688082298136
2850	0.6012281334918478
2851	0.6065067267565993
2852	0.6015383323527271
2853	0.6164433260141693
2854	0.62017822265625
2855	0.6296213280340159
2856	0.6011920241835695
2857	0.610446432362432
2858	0.6019984654017857
2859	0.5923574222541004
2860	0.5829839291779891
2861	0.6142604662024457
2862	0.6367778422669594
2863	0.584517769191576
2864	0.5973065773152416
2865	0.6037426113341906
2866	0.5861374280467537
2867	0.6199160273771108
2868	0.5920970750891644
2869	0.59018479815181
2870	0.603093733698685
2871	0.5957316996888344
2872	0.5997967453476805
2873	0.58858949649408
2874	0.5833059749247865
2875	0.6215608964055221
2876	0.6160122889169255
2877	0.6045130854067595
2878	0.5911506984544836
2879	0.6250402794121215
2880	0.6008415932981124
2881	0.6081919699722196
2882	0.5930359171044012
2883	0.5936111544970399
2884	0.591034362034768
2885	0.6041434151785714
2886	0.6193593185140479
2887	0.5715007426575844
2888	0.6005146192467731
2889	0.5869922519470594
2890	0.5980326018718459
2891	0.575634405479668
2892	0.5882630437057211
2893	0.6103472976210695
2894	0.6155496443280523
2895	0.5952521851344138
2896	0.6197049158700505
2897	0.6045766321028242
2898	0.6006072145071089
2899	0.5933895229552844
2900	0.6078892109556968
2901	0.6099221839667848
2902	0.5982385007491023
2903	0.6006990041792023
2904	0.6065970948023826
2905	0.6111421762786297
2906	0.6126761110673039
2907	0.6050198477987917
2908	0.6099262592955406
2909	0.5843180306949971
2910	0.6189114114512568
2911	0.5922649217688519
2912	0.6212113658833948
2913	0.5998668789123156
2914	0.5928923802346177
2915	0.6084653487116654
2916	0.5979546967500485
2917	0.5954823938215742
2918	0.5830243507527416
2919	0.6049924577985492
2920	0.5940528537916101
2921	0.6046999818790033
2922	0.6020872696586277
2923	0.6162136385899893
2924	0.6188236971079193
2925	0.5942253918381211
2926	0.5934844402052601
2927	0.5901867410411006
2928	0.6028055226580696
2929	0.6035306468513442
2930	0.6013103982676631
2931	0.5972477693735443
2932	0.6098706737068129
2933	0.5843156139302698
2934	0.6167411093386064
2935	0.601165344996482
2936	0.5823948072350543
2937	0.6185475698909404
2938	0.5967078357009414
2939	0.6063209675854038
2940	0.6279637117563568
2941	0.6007803685916877
2942	0.6161947783476077
2943	0.6062346748683763
2944	0.5883631735855008
2945	0.6059297834123883
2946	0.6052846493928329
2947	0.5905551318056095
2948	0.5948466899232094
2949	0.5935133939944439
2950	0.5956848334081425
2951	0.5986062280879998
2952	0.604473516807793
2953	0.5797818580769604
2954	0.5916839030958851
2955	0.5835559916052019
2956	0.5852278241459627
2957	0.5894690566921826
2958	0.5966578892299107
2959	0.609302970933618
2960	0.6212234970945749
2961	0.6047125869656201
2962	0.6000415967858356
2963	0.6026133661684783
2964	0.6191293941521496
2965	0.5707498396405523
2966	0.6036416758661685
2967	0.5925645532074922
2968	0.5766624308520962
2969	0.6040508199182356
2970	0.5880953391886646
2971	0.6066468043356948
2972	0.5900922502790179
2973	0.5924064683618012
2974	0.5867322364949291
2975	0.6061850127226077
2976	0.6102122431216033
2977	0.598614141807793
2978	0.5913774952384996
2979	0.590354303395526
2980	0.592326667738257
2981	0.5943068510256939
2982	0.5902105769755678
2983	0.5961417441042314
2984	0.5971607658433618
2985	0.5859196822835792
2986	0.5874601565532803
2987	0.6080491439155911
2988	0.583832071434637
2989	0.6128809200310559
2990	0.5928347095939683
2991	0.5694337453901398
2992	0.5846233012513344
2993	0.60179218742418
2994	0.5808647108374175
2995	0.5743047583917653
2996	0.609541898928814
2997	0.600891539769143
2998	0.5839306849130192
2999	0.589327841812039
