epoch	value
0	4995813.763975156
1	4995680.99378882
2	4995485.8136645965
3	4995322.832298136
4	4995121.291925466
5	4994908.223602485
6	4994710.658385093
7	4994503.950310559
8	4994308.770186336
9	4994128.695652174
10	4993943.850931677
11	4993766.956521739
12	4993594.0372670805
13	4993424.695652174
14	4993260.521739131
15	4993087.204968944
16	4992925.416149069
17	4992764.024844721
18	4992590.708074534
19	4992422.956521739
20	4992254.807453416
21	4992083.478260869
22	4991907.776397515
23	4991732.47204969
24	4991553.192546584
25	4991369.142857143
26	4991196.621118013
27	4991006.211180124
28	4990825.739130435
29	4990636.919254659
30	4990444.919254659
31	4990256.49689441
32	4990060.124223603
33	4989872.894409938
34	4989670.161490683
35	4989466.236024844
36	4989270.658385093
37	4989075.875776397
38	4988874.335403726
39	4988670.409937888
40	4988457.341614907
41	4988251.826086956
42	4988046.310559006
43	4987826.881987577
44	4987614.608695652
45	4987407.50310559
46	4987192.844720497
47	4986966.658385093
48	4986747.627329192
49	4986530.1863354035
50	4986303.602484472
51	4986088.149068323
52	4985867.130434782
53	4985645.316770187
54	4985413.167701864
55	4985175.055900621
56	4984958.409937888
57	4984736.99378882
58	4984492.521739131
59	4984270.708074534
60	4984035.378881987
61	4983802.434782608
62	4983571.875776397
63	4983336.546583851
64	4983102.0124223605
65	4982859.925465838
66	4982616.248447205
67	4982384.099378882
68	4982147.577639751
69	4981905.49068323
70	4981669.763975156
71	4981420.521739131
72	4981180.422360249
73	4980935.155279503
74	4980697.043478261
75	4980451.378881987
76	4980187.826086956
77	4979963.229813664
78	4979700.47204969
79	4979463.155279503
80	4979198.409937888
81	4978955.52795031
82	4978708.273291926
83	4978463.801242236
84	4978207.801242236
85	4977950.211180124
86	4977687.055900621
87	4977446.161490683
88	4977190.161490683
89	4976918.658385093
90	4976657.49068323
91	4976402.683229813
92	4976149.068322982
93	4975879.552795031
94	4975623.950310559
95	4975358.807453416
96	4975100.024844721
97	4974832.49689441
98	4974567.354037267
99	4974298.633540372
100	4974032.298136646
101	4973763.180124223
102	4973501.217391305
103	4973218.1863354035
104	4972948.670807454
105	4972676.770186336
106	4972411.229813664
107	4972150.857142857
108	4971855.900621118
109	4971598.708074534
110	4971316.47204969
111	4971037.416149069
112	4970775.453416149
113	4970493.614906833
114	4970213.763975156
115	4969930.732919254
116	4969660.024844721
117	4969369.440993789
118	4969088.0
119	4968806.956521739
120	4968519.552795031
121	4968245.664596274
122	4967947.925465838
123	4967669.267080746
124	4967385.838509317
125	4967085.714285715
126	4966816.596273292
127	4966526.409937888
128	4966226.683229813
129	4965932.919254659
130	4965658.633540372
131	4965381.565217392
132	4965069.9130434785
133	4964770.1863354035
134	4964483.975155279
135	4964178.285714285
136	4963889.291925466
137	4963603.875776397
138	4963308.124223603
139	4963000.049689441
140	4962692.770186336
141	4962396.621118013
142	4962106.832298136
143	4961809.093167702
144	4961498.633540372
145	4961208.049689441
146	4960923.428571428
147	4960599.055900621
148	4960267.130434782
149	4959973.763975156
150	4959676.422360249
151	4959358.409937888
152	4959083.726708074
153	4958749.416149069
154	4958450.0869565215
155	4958125.316770187
156	4957816.049689441
157	4957502.0124223605
158	4957208.248447205
159	4956915.279503105
160	4956569.043478261
161	4956252.621118013
162	4955957.267080746
163	4955632.099378882
164	4955302.161490683
165	4954979.776397515
166	4954680.447204969
167	4954332.223602485
168	4954012.223602485
169	4953690.236024844
170	4953379.378881987
171	4953058.1863354035
172	4952735.801242236
173	4952396.322981367
174	4952098.1863354035
175	4951745.192546584
176	4951414.0621118015
177	4951082.931677018
178	4950759.354037267
179	4950467.577639751
180	4950109.018633541
181	4949778.285714285
182	4949452.720496895
183	4949139.080745341
184	4948778.1366459625
185	4948458.1366459625
186	4948099.180124223
187	4947792.298136646
188	4947450.832298136
189	4947106.981366459
190	4946775.055900621
191	4946446.310559006
192	4946102.0621118015
193	4945761.788819876
194	4945425.093167702
195	4945091.577639751
196	4944731.428571428
197	4944404.273291926
198	4944072.347826087
199	4943723.329192546
200	4943354.832298136
201	4943058.683229813
202	4942697.341614907
203	4942340.770186336
204	4941985.391304348
205	4941664.198757764
206	4941290.1366459625
207	4940977.291925466
208	4940625.093167702
209	4940304.695652174
210	4939905.192546584
211	4939564.919254659
212	4939198.807453416
213	4938836.670807454
214	4938495.204968944
215	4938148.571428572
216	4937767.354037267
217	4937434.633540372
218	4937075.279503105
219	4936756.47204969
220	4936364.521739131
221	4936006.360248447
222	4935664.49689441
223	4935317.8633540375
224	4934937.043478261
225	4934603.52795031
226	4934219.52795031
227	4933887.602484472
228	4933486.906832298
229	4933152.99378882
230	4932752.298136646
231	4932426.732919254
232	4932060.621118013
233	4931693.714285715
234	4931285.8633540375
235	4930934.459627329
236	4930574.310559006
237	4930222.906832298
238	4929867.925465838
239	4929473.590062112
240	4929120.596273292
241	4928749.316770187
242	4928353.788819876
243	4928003.577639751
244	4927635.080745341
245	4927268.9689441
246	4926892.521739131
247	4926524.024844721
248	4926147.180124223
249	4925800.944099379
250	4925387.52795031
251	4925003.925465838
252	4924636.621118013
253	4924255.403726708
254	4923848.745341615
255	4923502.50931677
256	4923143.155279503
257	4922724.173913044
258	4922337.788819876
259	4922004.273291926
260	4921629.8136645965
261	4921212.819875777
262	4920850.285714285
263	4920472.645962733
264	4920064.397515528
265	4919679.204968944
266	4919280.49689441
267	4918943.801242236
268	4918544.298136646
269	4918122.931677018
270	4917789.8136645965
271	4917393.093167702
272	4916966.956521739
273	4916582.956521739
274	4916190.608695652
275	4915787.925465838
276	4915411.080745341
277	4915019.130434782
278	4914618.832298136
279	4914222.906832298
280	4913820.223602485
281	4913428.273291926
282	4913062.956521739
283	4912674.981366459
284	4912248.844720497
285	4911839.403726708
286	4911471.701863354
287	4911051.130434782
288	4910655.602484472
289	4910242.583850931
290	4909854.211180124
291	4909475.776397515
292	4909081.440993789
293	4908652.919254659
294	4908305.888198758
295	4907832.447204969
296	4907454.807453416
297	4907050.1366459625
298	4906670.111801242
299	4906241.590062112
300	4905845.664596274
301	4905463.254658385
302	4905045.8633540375
303	4904606.211180124
304	4904221.416149069
305	4903822.708074534
306	4903413.664596274
307	4903015.354037267
308	4902588.422360249
309	4902182.161490683
310	4901757.614906833
311	4901365.267080746
312	4900949.068322982
313	4900530.881987577
314	4900109.515527951
315	4899725.515527951
316	4899308.124223603
317	4898889.9378881985
318	4898454.260869565
319	4898100.074534162
320	4897635.378881987
321	4897212.422360249
322	4896810.931677018
323	4896379.627329192
324	4895963.428571428
325	4895570.683229813
326	4895156.869565218
327	4894740.273291926
328	4894312.944099379
329	4893877.664596274
330	4893467.826086956
331	4893045.664596274
332	4892651.329192546
333	4892159.204968944
334	4891746.583850931
335	4891359.403726708
336	4890911.00621118
337	4890501.167701864
338	4890078.608695652
339	4889640.944099379
340	4889234.285714285
341	4888802.1863354035
342	4888360.149068323
343	4887933.217391305
344	4887477.267080746
345	4887083.726708074
346	4886635.726708074
347	4886188.521739131
348	4885796.9689441
349	4885355.726708074
350	4884914.484472049
351	4884453.366459628
352	4883997.018633541
353	4883601.888198758
354	4883142.360248447
355	4882712.248447205
356	4882294.459627329
357	4881825.788819876
358	4881419.925465838
359	4880954.832298136
360	4880524.720496895
361	4880057.242236025
362	4879625.540372671
363	4879152.099378882
364	4878733.515527951
365	4878305.788819876
366	4877803.726708074
367	4877350.956521739
368	4876880.695652174
369	4876493.515527951
370	4876026.832298136
371	4875582.0124223605
372	4875145.540372671
373	4874705.093167702
374	4874281.341614907
375	4873785.242236025
376	4873338.832298136
377	4872909.9130434785
378	4872474.236024844
379	4871980.919254659
380	4871571.478260869
381	4871091.677018633
382	4870615.453416149
383	4870148.372670808
384	4869676.521739131
385	4869208.645962733
386	4868786.0869565215
387	4868332.521739131
388	4867854.310559006
389	4867390.409937888
390	4866900.273291926
391	4866506.335403726
392	4865991.155279503
393	4865578.931677018
394	4865126.559006211
395	4864638.807453416
396	4864123.229813664
397	4863663.701863354
398	4863264.99378882
399	4862790.757763975
400	4862299.428571428
401	4861839.50310559
402	4861356.124223603
403	4860931.577639751
404	4860421.565217392
405	4859887.304347826
406	4859462.360248447
407	4858980.9689441
408	4858514.285714285
409	4858030.906832298
410	4857512.546583851
411	4857102.310559006
412	4856597.8633540375
413	4856151.453416149
414	4855661.714285715
415	4855185.888198758
416	4854686.211180124
417	4854240.99378882
418	4853763.180124223
419	4853282.981366459
420	4852796.819875777
421	4852330.1366459625
422	4851838.409937888
423	4851366.956521739
424	4850924.919254659
425	4850446.310559006
426	4849974.857142857
427	4849437.416149069
428	4848972.322981367
429	4848449.192546584
430	4847975.354037267
431	4847486.409937888
432	4847037.217391305
433	4846541.118012423
434	4846074.0372670805
435	4845520.298136646
436	4845079.055900621
437	4844545.9875776395
438	4844059.0310559
439	4843560.944099379
440	4843039.403726708
441	4842535.354037267
442	4842096.099378882
443	4841497.440993789
444	4841037.118012423
445	4840551.354037267
446	4840050.0869565215
447	4839550.409937888
448	4839082.1366459625
449	4838571.329192546
450	4838080.0
451	4837601.391304348
452	4837085.018633541
453	4836619.925465838
454	4836140.124223603
455	4835625.739130435
456	4835089.49068323
457	4834625.590062112
458	4834126.708074534
459	4833662.0124223605
460	4833181.018633541
461	4832633.242236025
462	4832129.9875776395
463	4831686.757763975
464	4831181.515527951
465	4830665.9378881985
466	4830192.894409938
467	4829693.614906833
468	4829225.739130435
469	4828712.944099379
470	4828242.683229813
471	4827714.782608695
472	4827196.819875777
473	4826696.347826087
474	4826218.1366459625
475	4825737.540372671
476	4825256.149068323
477	4824689.689440994
478	4824273.093167702
479	4823719.751552795
480	4823237.565217392
481	4822773.267080746
482	4822266.0372670805
483	4821732.9689441
484	4821218.583850931
485	4820743.552795031
486	4820247.850931677
487	4819784.745341615
488	4819315.677018633
489	4818749.217391305
490	4818201.043478261
491	4817735.950310559
492	4817223.950310559
493	4816685.714285715
494	4816282.633540372
495	4815776.596273292
496	4815195.428571428
497	4814734.310559006
498	4814188.919254659
499	4813689.639751553
500	4813201.888198758
501	4812681.540372671
502	4812133.763975156
503	4811712.0
504	4811138.385093167
505	4810672.894409938
506	4810095.304347826
507	4809629.8136645965
508	4809183.00621118
509	4808603.428571428
510	4808089.440993789
511	4807601.291925466
512	4807091.677018633
513	4806584.049689441
514	4806048.596273292
515	4805540.571428572
516	4805105.291925466
517	4804590.50931677
518	4804072.149068323
519	4803531.52795031
520	4803015.950310559
521	4802526.211180124
522	4802038.0621118015
523	4801492.670807454
524	4800978.683229813
525	4800514.385093167
526	4799960.645962733
527	4799429.167701864
528	4798915.180124223
529	4798376.944099379
530	4797919.801242236
531	4797354.1366459625
532	4796887.453416149
533	4796314.236024844
534	4795829.267080746
535	4795286.658385093
536	4794759.552795031
537	4794342.559006211
538	4793737.9378881985
539	4793234.683229813
540	4792679.751552795
541	4792250.0372670805
542	4791683.577639751
543	4791252.670807454
544	4790648.844720497
545	4790116.173913044
546	4789646.310559006
547	4789098.931677018
548	4788583.354037267
549	4788092.024844721
550	4787511.652173913
551	4787081.540372671
552	4786499.975155279
553	4786003.875776397
554	4785497.838509317
555	4784971.52795031
556	4784443.229813664
557	4783866.434782608
558	4783394.1863354035
559	4782844.024844721
560	4782328.447204969
561	4781811.279503105
562	4781297.689440994
563	4780752.695652174
564	4780253.8136645965
565	4779707.627329192
566	4779198.0124223605
567	4778655.801242236
568	4778155.726708074
569	4777617.888198758
570	4777083.627329192
571	4776574.409937888
572	4776052.074534162
573	4775532.124223603
574	4774988.322981367
575	4774475.52795031
576	4773958.360248447
577	4773426.881987577
578	4772938.335403726
579	4772425.9378881985
580	4771847.950310559
581	4771328.397515528
582	4770787.776397515
583	4770269.416149069
584	4769778.0869565215
585	4769294.708074534
586	4768692.47204969
587	4768156.621118013
588	4767639.055900621
589	4767088.49689441
590	4766512.49689441
591	4766074.434782608
592	4765541.366459628
593	4764961.391304348
594	4764470.459627329
595	4763869.8136645965
596	4763347.478260869
597	4762844.223602485
598	4762302.0124223605
599	4761753.440993789
600	4761243.0310559
601	4760711.552795031
602	4760167.354037267
603	4759594.1366459625
604	4759083.726708074
605	4758588.422360249
606	4758080.795031056
607	4757535.00621118
608	4756947.478260869
609	4756544.795031056
610	4755879.751552795
611	4755349.46583851
612	4754852.571428572
613	4754310.360248447
614	4753772.919254659
615	4753208.447204969
616	4752762.434782608
617	4752075.925465838
618	4751644.621118013
619	4751081.739130435
620	4750533.9627329195
621	4750081.9875776395
622	4749471.00621118
623	4748903.354037267
624	4748355.577639751
625	4747816.944099379
626	4747344.695652174
627	4746746.0372670805
628	4746251.925465838
629	4745757.018633541
630	4745250.1863354035
631	4744603.0310559
632	4744138.732919254
633	4743579.826086956
634	4742964.47204969
635	4742508.919254659
636	4741897.142857143
637	4741445.167701864
638	4740861.614906833
639	4740338.881987577
640	4739731.875776397
641	4739288.645962733
642	4738686.807453416
643	4738210.981366459
644	4737611.130434782
645	4737033.142857143
646	4736555.329192546
647	4735967.801242236
648	4735404.919254659
649	4734888.546583851
650	4734297.043478261
651	4733727.801242236
652	4733302.459627329
653	4732727.652173913
654	4732119.850931677
655	4731609.043478261
656	4731026.285714285
657	4730500.770186336
658	4729957.763975156
659	4729427.875776397
660	4728939.329192546
661	4728338.683229813
662	4727833.440993789
663	4727279.304347826
664	4726751.801242236
665	4726193.689440994
666	4725699.975155279
667	4725129.9378881985
668	4724506.236024844
669	4723989.46583851
670	4723357.416149069
671	4722847.00621118
672	4722282.931677018
673	4721818.633540372
674	4721242.633540372
675	4720674.981366459
676	4720177.291925466
677	4719597.714285715
678	4719045.167701864
679	4718424.248447205
680	4717897.142857143
681	4717377.590062112
682	4716828.621118013
683	4716309.46583851
684	4715756.919254659
685	4715200.397515528
686	4714631.950310559
687	4714108.422360249
688	4713525.267080746
689	4713008.099378882
690	4712423.354037267
691	4711877.167701864
692	4711361.9875776395
693	4710807.850931677
694	4710291.875776397
695	4709677.714285715
696	4709087.403726708
697	4708545.590062112
698	4708024.844720497
699	4707514.434782608
700	4706934.459627329
701	4706360.844720497
702	4705824.99378882
703	4705243.428571428
704	4704791.850931677
705	4704183.652173913
706	4703614.0124223605
707	4703001.043478261
708	4702503.354037267
709	4701934.111801242
710	4701373.614906833
711	4700881.49068323
712	4700283.229813664
713	4699697.689440994
714	4699209.540372671
715	4698712.645962733
716	4698110.807453416
717	4697506.583850931
718	4697045.068322982
719	4696410.633540372
720	4695874.782608695
721	4695325.018633541
722	4694828.124223603
723	4694176.596273292
724	4693664.596273292
725	4693031.354037267
726	4692538.832298136
727	4691933.018633541
728	4691420.621118013
729	4690843.0310559
730	4690327.055900621
731	4689757.8136645965
732	4689208.049689441
733	4688561.291925466
734	4688091.826086956
735	4687483.229813664
736	4686975.204968944
737	4686418.285714285
738	4685869.714285715
739	4685357.316770187
740	4684703.00621118
741	4684208.49689441
742	4683609.838509317
743	4683025.49068323
744	4682583.453416149
745	4681953.788819876
746	4681383.354037267
747	4680847.105590062
748	4680356.9689441
749	4679707.0310559
750	4679165.614906833
751	4678567.354037267
752	4678080.0
753	4677492.074534162
754	4676974.906832298
755	4676353.590062112
756	4675925.068322982
757	4675256.049689441
758	4674669.714285715
759	4674172.819875777
760	4673514.53416149
761	4673062.161490683
762	4672486.559006211
763	4671829.068322982
764	4671391.00621118
765	4670726.757763975
766	4670143.602484472
767	4669634.782608695
768	4669054.807453416
769	4668575.801242236
770	4667983.900621118
771	4667394.782608695
772	4666809.242236025
773	4666270.211180124
774	4665743.50310559
775	4665098.732919254
776	4664562.484472049
777	4663984.099378882
778	4663422.409937888
779	4662838.857142857
780	4662250.1366459625
781	4661651.875776397
782	4661045.267080746
783	4660545.9875776395
784	4659997.416149069
785	4659261.217391305
786	4658752.397515528
787	4658074.236024844
788	4657544.745341615
789	4656904.745341615
790	4656373.267080746
791	4655713.391304348
792	4655135.403726708
793	4654621.416149069
794	4653868.521739131
795	4653380.372670808
796	4652717.316770187
797	4652128.596273292
798	4651615.403726708
799	4650878.0124223605
800	4650323.478260869
801	4649747.080745341
802	4649157.167701864
803	4648582.757763975
804	4647959.850931677
805	4647396.9689441
806	4646800.695652174
807	4646361.440993789
808	4645542.956521739
809	4644960.99378882
810	4644284.422360249
811	4643723.130434782
812	4643209.540372671
813	4642463.00621118
814	4641718.0621118015
815	4641134.111801242
816	4640535.453416149
817	4639940.372670808
818	4639247.50310559
819	4638697.739130435
820	4638067.279503105
821	4639096.844720497
822	4637236.47204969
823	4636768.99378882
824	4636014.111801242
825	4635408.298136646
826	4634738.484472049
827	4634377.9378881985
828	4633715.279503105
829	4633312.198757764
830	4632593.49068323
831	4631968.99378882
832	4631292.819875777
833	4630681.043478261
834	4630016.795031056
835	4629379.975155279
836	4628897.391304348
837	4628295.155279503
838	4627731.875776397
839	4627116.919254659
840	4626410.53416149
841	4625884.621118013
842	4625322.931677018
843	4624801.391304348
844	4624146.285714285
845	4623511.055900621
846	4622871.453416149
847	4622345.9378881985
848	4621712.695652174
849	4621076.670807454
850	4620458.53416149
851	4619964.422360249
852	4619225.440993789
853	4618769.888198758
854	4618045.217391305
855	4617582.111801242
856	4616897.192546584
857	4616279.055900621
858	4615730.881987577
859	4615102.807453416
860	4614529.9875776395
861	4614053.763975156
862	4613357.714285715
863	4612721.689440994
864	4612130.583850931
865	4611586.782608695
866	4610940.819875777
867	4610436.770186336
868	4609801.540372671
869	4609234.683229813
870	4608688.49689441
871	4608014.310559006
872	4607437.118012423
873	4606821.763975156
874	4606196.47204969
875	4605550.50931677
876	4605094.956521739
877	4604424.347826087
878	4603855.50310559
879	4603186.484472049
880	4602661.366459628
881	4602001.49068323
882	4601359.105590062
883	4600782.708074534
884	4600150.658385093
885	4599664.099378882
886	4598987.52795031
887	4598385.689440994
888	4597978.236024844
889	4597120.0
890	4596551.155279503
891	4596006.161490683
892	4595549.018633541
893	4594909.8136645965
894	4594148.173913044
895	4593592.049689441
896	4592962.385093167
897	4592336.298136646
898	4591898.236024844
899	4591264.596273292
900	4590548.273291926
901	4589967.900621118
902	4589457.888198758
903	4588914.484472049
904	4588223.204968944
905	4587585.192546584
906	4587224.248447205
907	4586502.757763975
908	4585879.055900621
909	4585295.50310559
910	4584728.645962733
911	4584134.360248447
912	4583489.590062112
913	4582987.52795031
914	4582299.428571428
915	4581937.689440994
916	4581210.633540372
917	4580573.8136645965
918	4579971.180124223
919	4579334.360248447
920	4578839.055900621
921	4578293.267080746
922	4577685.8633540375
923	4577018.832298136
924	4576469.068322982
925	4575802.0372670805
926	4575268.571428572
927	4574723.180124223
928	4574137.639751553
929	4573506.385093167
930	4572892.223602485
931	4572415.204968944
932	4571766.0621118015
933	4571162.236024844
934	4570534.559006211
935	4569959.751552795
936	4569335.254658385
937	4568988.621118013
938	4568138.732919254
939	4567588.9689441
940	4566910.807453416
941	4566612.670807454
942	4565820.819875777
943	4565335.453416149
944	4564742.757763975
945	4564166.757763975
946	4563587.975155279
947	4562984.546583851
948	4562390.658385093
949	4561716.074534162
950	4561190.956521739
951	4560661.46583851
952	4559992.844720497
953	4559349.664596274
954	4558798.708074534
955	4558297.440993789
956	4557573.167701864
957	4557006.708074534
958	4556470.857142857
959	4555876.9689441
960	4555244.124223603
961	4554659.776397515
962	4554107.229813664
963	4553504.198757764
964	4552897.9875776395
965	4552341.068322982
966	4551779.378881987
967	4551156.074534162
968	4550651.627329192
969	4549960.347826087
970	4549521.49068323
971	4548834.981366459
972	4548397.714285715
973	4547631.701863354
974	4547224.645962733
975	4546506.335403726
976	4545930.335403726
977	4545353.540372671
978	4544948.869565218
979	4544275.080745341
980	4543538.0869565215
981	4543081.341614907
982	4542518.0621118015
983	4541874.484472049
984	4541221.763975156
985	4540574.211180124
986	4540061.018633541
987	4539647.204968944
988	4538969.043478261
989	4538214.161490683
990	4537757.416149069
991	4537110.260869565
992	4536765.217391305
993	4536126.807453416
994	4535517.018633541
995	4535058.683229813
996	4534182.956521739
997	4533652.273291926
998	4533085.416149069
999	4532599.254658385
1000	4532018.0869565215
1001	4531295.403726708
1002	4530774.658385093
1003	4530220.521739131
1004	4529519.304347826
1005	4529036.322981367
1006	4528449.590062112
1007	4527840.99378882
1008	4527216.099378882
1009	4526692.173913044
1010	4526083.180124223
1011	4525512.745341615
1012	4524962.583850931
1013	4524262.559006211
1014	4523620.571428572
1015	4523011.975155279
1016	4522460.621118013
1017	4521868.720496895
1018	4521392.49689441
1019	4520687.701863354
1020	4520107.726708074
1021	4519663.304347826
1022	4519050.335403726
1023	4518303.403726708
1024	4517847.453416149
1025	4517259.130434782
1026	4516626.285714285
1027	4516080.099378882
1028	4515516.422360249
1029	4514839.850931677
1030	4514304.0
1031	4513725.614906833
1032	4513134.111801242
1033	4512528.298136646
1034	4511990.0621118015
1035	4511402.931677018
1036	4510788.770186336
1037	4510224.695652174
1038	4509656.645962733
1039	4509075.478260869
1040	4508442.236024844
1041	4507919.105590062
1042	4507247.304347826
1043	4506651.0310559
1044	4506141.018633541
1045	4505751.850931677
1046	4504890.434782608
1047	4504365.714285715
1048	4503818.335403726
1049	4503200.596273292
1050	4502603.925465838
1051	4502061.316770187
1052	4501360.894409938
1053	4500843.329192546
1054	4500118.260869565
1055	4499459.180124223
1056	4498981.366459628
1057	4498283.726708074
1058	4497672.745341615
1059	4497223.552795031
1060	4496368.099378882
1061	4495752.745341615
1062	4495243.925465838
1063	4494634.53416149
1064	4493908.273291926
1065	4493323.925465838
1066	4492804.372670808
1067	4492094.409937888
1068	4491535.105590062
1069	4490876.422360249
1070	4490274.981366459
1071	4489848.844720497
1072	4489108.670807454
1073	4488572.422360249
1074	4487818.335403726
1075	4487264.99378882
1076	4486692.571428572
1077	4485983.801242236
1078	4485474.1863354035
1079	4484912.099378882
1080	4484329.341614907
1081	4483596.322981367
1082	4482999.254658385
1083	4482425.639751553
1084	4481963.726708074
1085	4481248.596273292
1086	4480480.99378882
1087	4480108.919254659
1088	4479328.99378882
1089	4478846.0124223605
1090	4478145.9875776395
1091	4477565.217391305
1092	4476978.0869565215
1093	4476299.130434782
1094	4475844.770186336
1095	4475226.633540372
1096	4474634.335403726
1097	4474003.875776397
1098	4473380.9689441
1099	4472749.714285715
1100	4472238.906832298
1101	4471653.366459628
1102	4471098.434782608
1103	4470444.521739131
1104	4469852.223602485
1105	4469139.080745341
1106	4468572.223602485
1107	4467956.869565218
1108	4467548.621118013
1109	4466784.198757764
1110	4466283.329192546
1111	4465724.819875777
1112	4465022.409937888
1113	4464449.9875776395
1114	4464015.50310559
1115	4463609.639751553
1116	4462755.378881987
1117	4462211.180124223
1118	4461637.167701864
1119	4461020.223602485
1120	4460284.422360249
1121	4459866.236024844
1122	4459234.1863354035
1123	4458523.0310559
1124	4458138.236024844
1125	4457483.130434782
1126	4457118.608695652
1127	4456176.099378882
1128	4455643.428571428
1129	4455038.0124223605
1130	4454571.329192546
1131	4453895.155279503
1132	4453579.925465838
1133	4452759.055900621
1134	4452122.633540372
1135	4451638.0621118015
1136	4451085.515527951
1137	4450624.0
1138	4449859.180124223
1139	4449294.708074534
1140	4448578.782608695
1141	4448069.565217392
1142	4447418.832298136
1143	4446948.173913044
1144	4446417.888198758
1145	4445661.018633541
1146	4445037.316770187
1147	4444547.975155279
1148	4443954.881987577
1149	4443405.9130434785
1150	4442881.590062112
1151	4442137.043478261
1152	4441646.111801242
1153	4441190.559006211
1154	4440384.795031056
1155	4440122.0372670805
1156	4439325.018633541
1157	4438680.645962733
1158	4438283.130434782
1159	4437615.304347826
1160	4437035.329192546
1161	4436481.9875776395
1162	4435893.267080746
1163	4435207.155279503
1164	4434699.925465838
1165	4434272.99378882
1166	4433532.422360249
1167	4432953.639751553
1168	4432280.645962733
1169	4431824.695652174
1170	4431138.1863354035
1171	4430618.633540372
1172	4430058.931677018
1173	4429422.111801242
1174	4428871.950310559
1175	4428192.99378882
1176	4427689.739130435
1177	4427133.217391305
1178	4426567.552795031
1179	4425994.335403726
1180	4425309.8136645965
1181	4424799.00621118
1182	4424110.50931677
1183	4423729.689440994
1184	4422979.577639751
1185	4422462.807453416
1186	4421884.024844721
1187	4421484.919254659
1188	4420744.745341615
1189	4420148.47204969
1190	4419594.335403726
1191	4419042.583850931
1192	4418480.099378882
1193	4417850.832298136
1194	4417291.925465838
1195	4416622.50931677
1196	4416065.590062112
1197	4415555.577639751
1198	4415028.869565218
1199	4414437.366459628
1200	4413650.285714285
1201	4413244.422360249
1202	4412650.931677018
1203	4412086.0621118015
1204	4411425.788819876
1205	4410796.521739131
1206	4410464.596273292
1207	4409799.155279503
1208	4409314.583850931
1209	4408707.577639751
1210	4408140.322981367
1211	4407691.925465838
1212	4406830.906832298
1213	4406295.055900621
1214	4405816.844720497
1215	4405246.807453416
1216	4404706.1863354035
1217	4404050.285714285
1218	4403563.329192546
1219	4402910.211180124
1220	4402270.608695652
1221	4401651.279503105
1222	4401417.540372671
1223	4400535.850931677
1224	4399984.099378882
1225	4399445.8633540375
1226	4398885.763975156
1227	4398211.975155279
1228	4397696.795031056
1229	4397325.9130434785
1230	4396643.378881987
1231	4395966.409937888
1232	4395388.024844721
1233	4394890.335403726
1234	4394360.844720497
1235	4393708.124223603
1236	4393138.484472049
1237	4392571.229813664
1238	4391997.614906833
1239	4391466.1366459625
1240	4390915.180124223
1241	4390304.198757764
1242	4389657.440993789
1243	4389109.267080746
1244	4388515.776397515
1245	4387999.801242236
1246	4387353.838509317
1247	4386771.478260869
1248	4386290.0869565215
1249	4385726.409937888
1250	4385055.801242236
1251	4384521.540372671
1252	4384022.260869565
1253	4383360.397515528
1254	4382927.50310559
1255	4382332.819875777
1256	4381706.335403726
1257	4381230.111801242
1258	4380556.720496895
1259	4380053.8633540375
1260	4379420.621118013
1261	4378808.049689441
1262	4378228.869565218
1263	4377611.52795031
1264	4377431.055900621
1265	4376572.024844721
1266	4375958.658385093
1267	4375547.627329192
1268	4374900.074534162
1269	4374399.204968944
1270	4373674.53416149
1271	4373303.254658385
1272	4372628.670807454
1273	4372192.596273292
1274	4371357.018633541
1275	4370808.844720497
1276	4370448.695652174
1277	4369693.018633541
1278	4369115.428571428
1279	4368577.192546584
1280	4368106.53416149
1281	4367451.428571428
1282	4366960.49689441
1283	4366283.52795031
1284	4365715.080745341
1285	4365545.739130435
1286	4364747.52795031
1287	4364030.0124223605
1288	4363716.372670808
1289	4362963.080745341
1290	4362269.8136645965
1291	4361995.52795031
1292	4361238.260869565
1293	4360658.285714285
1294	4360104.944099379
1295	4359555.180124223
1296	4358938.633540372
1297	4358507.726708074
1298	4357827.975155279
1299	4357462.260869565
1300	4356583.751552795
1301	4356140.919254659
1302	4355638.857142857
1303	4355112.944099379
1304	4354440.347826087
1305	4353984.0
1306	4353385.341614907
1307	4352801.391304348
1308	4352133.167701864
1309	4351600.099378882
1310	4351067.0310559
1311	4350570.931677018
1312	4349872.099378882
1313	4349315.577639751
1314	4348717.714285715
1315	4348387.378881987
1316	4347716.770186336
1317	4347038.211180124
1318	4346559.602484472
1319	4346175.602484472
1320	4345434.236024844
1321	4345004.521739131
1322	4344167.751552795
1323	4343762.683229813
1324	4343176.745341615
1325	4342699.726708074
1326	4342054.161490683
1327	4341608.546583851
1328	4340843.726708074
1329	4340293.9627329195
1330	4340048.298136646
1331	4339392.795031056
1332	4338632.745341615
1333	4338117.565217392
1334	4337570.981366459
1335	4336975.900621118
1336	4336539.0310559
1337	4335871.204968944
1338	4335387.0310559
1339	4334768.099378882
1340	4334175.801242236
1341	4333668.173913044
1342	4333144.248447205
1343	4332654.50931677
1344	4331929.043478261
1345	4331448.447204969
1346	4330882.385093167
1347	4330314.732919254
1348	4329744.298136646
1349	4329307.826086956
1350	4328645.9627329195
1351	4328178.484472049
1352	4327612.422360249
1353	4326962.484472049
1354	4326403.975155279
1355	4325884.819875777
1356	4325554.0869565215
1357	4324878.310559006
1358	4324209.689440994
1359	4323544.248447205
1360	4323011.577639751
1361	4322445.9130434785
1362	4321980.819875777
1363	4321347.577639751
1364	4320767.602484472
1365	4320294.559006211
1366	4319744.795031056
1367	4319191.055900621
1368	4318784.795031056
1369	4318000.49689441
1370	4317448.745341615
1371	4316900.571428572
1372	4316399.304347826
1373	4315748.571428572
1374	4315163.428571428
1375	4314677.664596274
1376	4314104.844720497
1377	4313643.726708074
1378	4313245.018633541
1379	4312548.571428572
1380	4311939.577639751
1381	4311292.024844721
1382	4310909.614906833
1383	4310246.161490683
1384	4309928.944099379
1385	4309174.459627329
1386	4308524.919254659
1387	4308092.024844721
1388	4307543.055900621
1389	4307055.304347826
1390	4306380.322981367
1391	4305830.559006211
1392	4305511.354037267
1393	4304692.47204969
1394	4304151.850931677
1395	4303674.0372670805
1396	4303121.093167702
1397	4302673.093167702
1398	4301974.658385093
1399	4301289.341614907
1400	4301050.0372670805
1401	4300375.055900621
1402	4299786.335403726
1403	4299270.757763975
1404	4298622.807453416
1405	4298093.714285715
1406	4297520.894409938
1407	4296961.9875776395
1408	4296627.279503105
1409	4295775.403726708
1410	4295285.267080746
1411	4294826.1366459625
1412	4294292.670807454
1413	4293644.720496895
1414	4293055.602484472
1415	4292636.621118013
1416	4291991.453416149
1417	4291509.267080746
1418	4291044.571428572
1419	4290358.0621118015
1420	4289891.378881987
1421	4289320.546583851
1422	4288784.695652174
1423	4288155.428571428
1424	4287594.931677018
1425	4287187.478260869
1426	4286557.8136645965
1427	4285984.596273292
1428	4285471.801242236
1429	4284838.161490683
1430	4284343.254658385
1431	4283714.385093167
1432	4283261.614906833
1433	4282623.204968944
1434	4282214.559006211
1435	4281664.0
1436	4281049.043478261
1437	4280452.372670808
1438	4280051.677018633
1439	4279466.931677018
1440	4278842.0372670805
1441	4278356.273291926
1442	4278071.652173913
1443	4277402.633540372
1444	4276803.577639751
1445	4276116.670807454
1446	4275607.055900621
1447	4275014.757763975
1448	4274457.440993789
1449	4273960.546583851
1450	4273350.360248447
1451	4272863.801242236
1452	4272373.664596274
1453	4271799.254658385
1454	4271164.024844721
1455	4270634.53416149
1456	4270171.428571428
1457	4269634.782608695
1458	4269057.9875776395
1459	4268517.763975156
1460	4268108.322981367
1461	4267436.521739131
1462	4266770.285714285
1463	4266319.50310559
1464	4265742.310559006
1465	4265193.341614907
1466	4264737.788819876
1467	4264384.795031056
1468	4263722.931677018
1469	4263352.447204969
1470	4262592.795031056
1471	4261988.9689441
1472	4261391.105590062
1473	4261168.49689441
1474	4260470.857142857
1475	4259863.850931677
1476	4259141.167701864
1477	4258876.024844721
1478	4258160.099378882
1479	4257651.677018633
1480	4257160.347826087
1481	4256538.633540372
1482	4256252.024844721
1483	4255485.614906833
1484	4254853.9627329195
1485	4254353.888198758
1486	4253799.751552795
1487	4253351.751552795
1488	4252796.024844721
1489	4252345.242236025
1490	4251727.50310559
1491	4251246.50931677
1492	4250698.732919254
1493	4250201.043478261
1494	4249590.0621118015
1495	4249226.335403726
1496	4248656.695652174
1497	4247751.950310559
1498	4247705.838509317
1499	4246804.670807454
1500	4246481.49068323
1501	4246027.925465838
1502	4245350.161490683
1503	4244670.807453416
1504	4244166.757763975
1505	4243629.714285715
1506	4243019.52795031
1507	4242547.279503105
1508	4242007.453416149
1509	4241648.894409938
1510	4241056.596273292
1511	4240435.677018633
1512	4239813.167701864
1513	4239405.316770187
1514	4238733.515527951
1515	4238265.639751553
1516	4237753.639751553
1517	4237199.50310559
1518	4236627.080745341
1519	4236239.900621118
1520	4235544.645962733
1521	4234993.689440994
1522	4235082.335403726
1523	4233836.521739131
1524	4233143.652173913
1525	4232675.378881987
1526	4232100.9689441
1527	4231660.124223603
1528	4231006.608695652
1529	4230520.844720497
1530	4229727.403726708
1531	4229154.981366459
1532	4228621.515527951
1533	4227977.540372671
1534	4227590.360248447
1535	4226824.745341615
1536	4226295.254658385
1537	4225502.211180124
1538	4225156.372670808
1539	4224491.329192546
1540	4223787.726708074
1541	4223233.192546584
1542	4222723.180124223
1543	4222110.608695652
1544	4221460.273291926
1545	4220940.720496895
1546	4220557.118012423
1547	4219739.0310559
1548	4219324.819875777
1549	4218718.608695652
1550	4218335.00621118
1551	4217879.055900621
1552	4217207.652173913
1553	4216589.515527951
1554	4216310.459627329
1555	4215357.614906833
1556	4214940.223602485
1557	4214435.776397515
1558	4213919.403726708
1559	4213358.111801242
1560	4212754.683229813
1561	4212406.857142857
1562	4211685.366459628
1563	4211303.751552795
1564	4210572.322981367
1565	4210100.869565218
1566	4209483.130434782
1567	4208810.1366459625
1568	4208355.776397515
1569	4207729.291925466
1570	4207541.267080746
1571	4206740.670807454
1572	4206172.223602485
1573	4205814.857142857
1574	4205204.273291926
1575	4204852.47204969
1576	4204474.832298136
1577	4203777.590062112
1578	4203100.223602485
1579	4202560.397515528
1580	4202077.416149069
1581	4201600.0
1582	4200900.770186336
1583	4200409.043478261
1584	4199943.950310559
1585	4199504.298136646
1586	4198809.440993789
1587	4198223.900621118
1588	4198013.217391305
1589	4197224.546583851
1590	4196821.068322982
1591	4196324.9689441
1592	4195760.099378882
1593	4195143.950310559
1594	4194783.00621118
1595	4194103.652173913
1596	4193693.416149068
1597	4193117.813664596
1598	4192341.0683229812
1599	4191908.9689440993
1600	4191308.7204968943
1601	4191030.8571428573
1602	4190215.155279503
1603	4189769.9378881985
1604	4189235.6770186336
1605	4188906.136645963
1606	4188170.732919255
1607	4187615.0062111802
1608	4187157.465838509
1609	4186746.832298137
1610	4186139.0310559007
1611	4185688.248447205
1612	4185123.7763975156
1613	4184697.6397515526
1614	4183864.049689441
1615	4183354.832298137
1616	4183037.614906832
1617	4182589.217391304
1618	4181808.49689441
1619	4181771.9254658385
1620	4180774.1614906834
1621	4180358.7577639753
1622	4179750.1614906834
1623	4179328.0
1624	4178767.105590062
1625	4178323.4782608696
1626	4177607.950310559
1627	4177108.2732919254
1628	4176605.813664596
1629	4176100.9689440993
1630	4175715.3788819876
1631	4175059.8757763975
1632	4174310.1614906834
1633	4173956.7701863353
1634	4173420.9192546583
1635	4172925.614906832
1636	4172406.0621118015
1637	4171771.2298136647
1638	4171253.664596273
1639	4171003.6273291926
1640	4170345.3416149067
1641	4169987.5776397516
1642	4169345.5900621116
1643	4168685.316770186
1644	4168295.354037267
1645	4167718.5590062113
1646	4167220.0745341615
1647	4166707.6770186336
1648	4166055.751552795
1649	4165700.7701863353
1650	4165348.9689440993
1651	4164623.900621118
1652	4163973.167701863
1653	4163345.4906832296
1654	4163288.248447205
1655	4162955.9254658385
1656	4162153.3416149067
1657	4161292.7204968943
1658	4160794.236024845
1659	4160372.0745341615
1660	4159914.534161491
1661	4159287.652173913
1662	4158749.416149068
1663	4158162.683229814
1664	4157688.049689441
1665	4157333.0683229812
1666	4156637.0186335403
1667	4156142.5093167704
1668	4155659.1304347827
1669	4155180.5217391304
1670	4154598.5590062113
1671	4154102.0621118015
1672	4153587.2795031057
1673	4153140.8695652173
1674	4152627.6770186336
1675	4152044.5217391304
1676	4151483.2298136647
1677	4150879.0062111802
1678	4150564.1739130435
1679	4150165.465838509
1680	4149302.4596273294
1681	4148980.0745341615
1682	4148561.0931677017
1683	4147998.2111801244
1684	4147523.5776397516
1685	4147056.894409938
1686	4146277.763975155
1687	4146055.552795031
1688	4145312.596273292
1689	4145119.801242236
1690	4144216.248447205
1691	4143716.9689440993
1692	4143158.4596273294
1693	4142902.4596273294
1694	4142285.51552795
1695	4141679.701863354
1696	4141240.447204969
1697	4140780.1242236025
1698	4140204.5217391304
1699	4139740.2236024844
1700	4139092.6708074533
1701	4138547.6770186336
1702	4138125.51552795
1703	4137636.5714285714
1704	4137027.9751552795
1705	4136642.782608696
1706	4136024.248447205
1707	4135491.1801242237
1708	4134991.50310559
1709	4134560.596273292
1710	4133925.366459627
1711	4133504.397515528
1712	4132965.763975155
1713	4132616.745341615
1714	4132045.51552795
1715	4131352.248447205
1716	4130935.652173913
1717	4130427.6273291926
1718	4129887.0062111802
1719	4129399.652173913
1720	4128903.950310559
1721	4128218.236024845
1722	4128185.2422360247
1723	4127580.2236024844
1724	4127018.9316770188
1725	4126387.2795031057
1726	4125926.5590062113
1727	4125343.403726708
1728	4124809.9378881985
1729	4124514.9813664597
1730	4123844.7701863353
1731	4123227.0310559007
1732	4122787.7763975156
1733	4122228.8695652173
1734	4121720.049689441
1735	4121049.0434782607
1736	4120941.714285714
1737	4120011.9254658385
1738	4119725.714285714
1739	4119301.962732919
1740	4118605.118012422
1741	4118056.546583851
1742	4117523.4782608696
1743	4117128.347826087
1744	4116716.9192546583
1745	4116262.1614906834
1746	4115719.950310559
1747	4115078.3602484474
1748	4114527.403726708
1749	4114004.2732919254
1750	4113520.099378882
1751	4112923.8260869565
1752	4112442.832298137
1753	4111984.099378882
1754	4111632.298136646
1755	4110965.664596273
1756	4110527.602484472
1757	4109952.0
1758	4109713.8881987575
1759	4108897.3913043477
1760	4108354.782608696
1761	4108126.6086956523
1762	4107294.2111801244
1763	4106962.285714286
1764	4106730.9316770188
1765	4105993.9378881985
1766	4105351.950310559
1767	4105021.217391304
1768	4104489.3416149067
1769	4104005.565217391
1770	4103453.416149068
1771	4102869.0683229812
1772	4102499.7763975156
1773	4101794.186335404
1774	4101383.950310559
1775	4100733.217391304
1776	4100438.6583850933
1777	4099900.0248447205
1778	4099372.9192546583
1779	4098698.732919255
1780	4098278.9565217393
1781	4097621.465838509
1782	4097499.8260869565
1783	4096738.186335404
1784	4096385.1925465837
1785	4095844.9689440993
1786	4095276.1242236025
1787	4094874.633540373
1788	4094356.6708074533
1789	4093797.763975155
1790	4093300.8695652173
1791	4092731.2298136647
1792	4092219.6273291926
1793	4091824.894409938
1794	4091348.6708074533
1795	4090895.105590062
1796	4090195.0807453417
1797	4089964.1242236025
1798	4089209.6397515526
1799	4088965.962732919
1800	4088461.913043478
1801	4087690.732919255
1802	4087197.416149068
1803	4086839.652173913
1804	4086466.782608696
1805	4085734.5590062113
1806	4085326.7080745343
1807	4084615.155279503
1808	4084290.782608696
1809	4083576.447204969
1810	4083200.795031056
1811	4082744.844720497
1812	4082383.900621118
1813	4081706.136645963
1814	4081263.304347826
1815	4080769.9875776395
1816	4080111.701863354
1817	4079700.2732919254
1818	4079231.204968944
1819	4078567.751552795
1820	4078128.099378882
1821	4077735.354037267
1822	4077120.0
1823	4076929.9875776395
1824	4076158.8074534163
1825	4075733.863354037
1826	4075234.9813664597
1827	4074837.465838509
1828	4074479.701863354
1829	4073685.465838509
1830	4073102.7080745343
1831	4072821.267080745
1832	4072288.9937888198
1833	4071779.3788819876
1834	4071526.5590062113
1835	4070679.453416149
1836	4070070.0621118015
1837	4069978.236024845
1838	4069302.8571428573
1839	4068984.844720497
1840	4068099.1801242237
1841	4067866.633540373
1842	4067584.795031056
1843	4066624.795031056
1844	4066394.236024845
1845	4065640.944099379
1846	4065354.732919255
1847	4064723.8757763975
1848	4064256.795031056
1849	4063546.832298137
1850	4063270.9565217393
1851	4062783.204968944
1852	4062195.2795031057
1853	4061884.8198757763
1854	4061329.4906832296
1855	4060971.3291925467
1856	4060368.695652174
1857	4059962.832298137
1858	4059252.8695652173
1859	4058635.9254658385
1860	4058382.7080745343
1861	4057743.105590062
1862	4057294.3105590064
1863	4057103.900621118
1864	4056380.4223602484
1865	4055931.6273291926
1866	4055238.3602484474
1867	4054820.5714285714
1868	4054566.5590062113
1869	4054197.267080745
1870	4053263.50310559
1871	4052825.4409937887
1872	4052514.186335404
1873	4052023.652173913
1874	4051260.8198757763
1875	4050878.0124223605
1876	4050630.3602484474
1877	4049916.0248447205
1878	4049411.9751552795
1879	4049010.086956522
1880	4048641.9875776395
1881	4047703.850931677
1882	4047544.844720497
1883	4046762.9316770188
1884	4046360.248447205
1885	4046005.664596273
1886	4045390.3105590064
1887	4045038.5093167704
1888	4044303.105590062
1889	4044186.236024845
1890	4043463.552795031
1891	4043242.9316770188
1892	4042509.51552795
1893	4042018.9813664597
1894	4041856.397515528
1895	4041254.1614906834
1896	4040540.2236024844
1897	4040046.1118012425
1898	4039610.832298137
1899	4039328.596273292
1900	4038582.0621118015
1901	4038124.5217391304
1902	4037569.1925465837
1903	4036987.2298136647
1904	4036741.167701863
1905	4036093.614906832
1906	4035632.894409938
1907	4035111.751552795
1908	4034579.8757763975
1909	4034130.683229814
1910	4033883.4285714286
1911	4033338.434782609
1912	4032702.0124223605
1913	4032319.602484472
1914	4031705.4409937887
1915	4031273.7391304346
1916	4030735.50310559
1917	4030196.0745341615
1918	4029889.5900621116
1919	4029344.9937888198
1920	4028738.782608696
1921	4028512.596273292
1922	4027956.0745341615
1923	4027416.248447205
1924	4026818.385093168
1925	4026269.0186335403
1926	4026094.1118012425
1927	4025369.0434782607
1928	4025144.447204969
1929	4024320.0
1930	4024253.614906832
1931	4023383.055900621
1932	4023074.186335404
1933	4022555.0310559007
1934	4022089.5403726706
1935	4021400.645962733
1936	4020916.4720496894
1937	4020727.254658385
1938	4019815.354037267
1939	4019696.894409938
1940	4019085.913043478
1941	4018537.7391304346
1942	4018032.894409938
1943	4017664.0
1944	4017293.51552795
1945	4016832.397515528
1946	4016073.5403726706
1947	4015730.48447205
1948	4015140.9689440993
1949	4014782.8074534163
1950	4014500.1739130435
1951	4013618.48447205
1952	4013160.149068323
1953	4012940.7204968943
1954	4012808.745341615
1955	4011687.354037267
1956	4011169.3913043477
1957	4010841.0434782607
1958	4010296.844720497
1959	4010156.5217391304
1960	4009264.099378882
1961	4008906.732919255
1962	4008376.447204969
1963	4007876.7701863353
1964	4007707.0310559007
1965	4007060.6708074533
1966	4006410.732919255
1967	4005924.5714285714
1968	4005338.236024845
1969	4004916.8695652173
1970	4004661.267080745
1971	4004083.2795031057
1972	4003568.099378882
1973	4003074.385093168
1974	4002543.701863354
1975	4002274.9813664597
1976	4001606.3602484474
1977	4001031.950310559
1978	4000463.900621118
1979	4000271.105590062
1980	3999793.2919254657
1981	3999042.782608696
1982	3998714.037267081
1983	3998250.9316770188
1984	3997694.4099378884
1985	3997645.913043478
1986	3996750.7080745343
1987	3996172.7204968943
1988	3995748.1739130435
1989	3995346.683229814
1990	3994789.366459627
1991	3994433.1925465837
1992	3993713.6894409936
1993	3993346.782608696
1994	3992985.0434782607
1995	3992472.248447205
1996	3991943.155279503
1997	3991424.0
1998	3990919.552795031
1999	3990350.7080745343
2000	3990076.8198757763
2001	3989490.881987578
2002	3988988.0248447205
2003	3988615.950310559
2004	3987936.9937888198
2005	3987646.8074534163
2006	3986937.6397515526
2007	3986652.2236024844
2008	3985949.813664596
2009	3985672.745341615
2010	3985338.832298137
2011	3984648.347826087
2012	3984186.434782609
2013	3983652.9689440993
2014	3983286.4596273294
2015	3982669.913043478
2016	3982583.254658385
2017	3981789.813664596
2018	3981185.5900621116
2019	3980674.385093168
2020	3980361.9378881985
2021	3979878.5590062113
2022	3979344.695652174
2023	3978939.6273291926
2024	3978374.3602484474
2025	3977812.2732919254
2026	3977386.534161491
2027	3976946.086956522
2028	3976581.962732919
2029	3975980.9192546583
2030	3975519.801242236
2031	3975082.136645963
2032	3974706.48447205
2033	3974105.0434782607
2034	3973931.3291925467
2035	3973197.913043478
2036	3972681.1428571427
2037	3972251.0310559007
2038	3971785.1428571427
2039	3971140.7701863353
2040	3970765.51552795
2041	3970560.795031056
2042	3969977.2422360247
2043	3969390.1118012425
2044	3968818.48447205
2045	3968451.1801242237
2046	3968360.944099379
2047	3967875.5776397516
2048	3966788.7701863353
2049	3966621.813664596
2050	3966153.1428571427
2051	3965408.9937888198
2052	3965622.0621118015
2053	3964632.248447205
2054	3964406.4596273294
2055	3963692.1242236025
2056	3963204.3726708074
2057	3962608.49689441
2058	3962297.6397515526
2059	3961760.198757764
2060	3961217.9875776395
2061	3960701.614906832
2062	3960316.4223602484
2063	3960000.397515528
2064	3959308.7204968943
2065	3959290.434782609
2066	3958318.9068322983
2067	3958062.5093167704
2068	3957374.4099378884
2069	3956986.434782609
2070	3956470.4596273294
2071	3955956.8695652173
2072	3955702.4596273294
2073	3955267.5776397516
2074	3954933.267080745
2075	3954117.565217391
2076	3953842.881987578
2077	3953255.751552795
2078	3952593.0931677017
2079	3952127.602484472
2080	3951776.9937888198
2081	3951369.1428571427
2082	3950925.913043478
2083	3950392.447204969
2084	3950167.055900621
2085	3949389.118012422
2086	3949080.645962733
2087	3948490.335403727
2088	3948424.745341615
2089	3948027.6273291926
2090	3947181.714285714
2091	3946388.6708074533
2092	3945969.2919254657
2093	3945662.0124223605
2094	3945505.7888198756
2095	3944618.9316770188
2096	3944127.204968944
2097	3943847.751552795
2098	3943249.0931677017
2099	3942723.5776397516
2100	3942325.267080745
2101	3941822.0124223605
2102	3941366.4596273294
2103	3940819.0807453417
2104	3940326.5590062113
2105	3939921.0931677017
2106	3939569.2919254657
2107	3939027.8757763975
2108	3938944.397515528
2109	3938100.4720496894
2110	3937497.8385093166
2111	3937056.198757764
2112	3936845.118012422
2113	3936503.254658385
2114	3935686.3602484474
2115	3935264.596273292
2116	3934920.347826087
2117	3934208.0
2118	3933787.0310559007
2119	3933382.7577639753
2120	3932744.745341615
2121	3932355.1801242237
2122	3931858.683229814
2123	3931579.2298136647
2124	3931104.596273292
2125	3930548.8695652173
2126	3930257.4906832296
2127	3929465.2422360247
2128	3929044.2732919254
2129	3928663.055900621
2130	3928298.534161491
2131	3927808.0
2132	3927224.049689441
2133	3927028.4720496894
2134	3926170.633540373
2135	3925769.9378881985
2136	3925482.534161491
2137	3924789.267080745
2138	3924571.0310559007
2139	3923684.5714285714
2140	3923711.204968944
2141	3922924.1242236025
2142	3922415.304347826
2143	3922140.2236024844
2144	3921652.0745341615
2145	3921222.3602484474
2146	3920955.6273291926
2147	3920157.0186335403
2148	3919912.149068323
2149	3919079.751552795
2150	3919143.751552795
2151	3918351.105590062
2152	3918104.248447205
2153	3917474.186335404
2154	3916998.3602484474
2155	3916367.105590062
2156	3915979.5279503106
2157	3915534.7080745343
2158	3915309.316770186
2159	3914425.6397515526
2160	3914104.447204969
2161	3913764.9689440993
2162	3913091.9751552795
2163	3912850.683229814
2164	3912347.0310559007
2165	3911886.7080745343
2166	3911208.149068323
2167	3910853.962732919
2168	3910415.900621118
2169	3910306.9813664597
2170	3909519.900621118
2171	3908928.0
2172	3908642.9813664597
2173	3908117.0683229812
2174	3907485.0186335403
2175	3907130.832298137
2176	3906602.534161491
2177	3906366.8074534163
2178	3906051.5776397516
2179	3905254.9565217393
2180	3904888.447204969
2181	3904460.3229813664
2182	3903854.1118012425
2183	3903380.2732919254
2184	3902756.9689440993
2185	3902405.167701863
2186	3901886.8074534163
2187	3901627.2298136647
2188	3900772.1739130435
2189	3900535.254658385
2190	3900156.0248447205
2191	3899519.204968944
2192	3899073.5900621116
2193	3898445.118012422
2194	3897909.267080745
2195	3897502.6086956523
2196	3897157.167701863
2197	3896624.099378882
2198	3896117.267080745
2199	3895679.204968944
2200	3894845.614906832
2201	3894467.9751552795
2202	3894001.2919254657
2203	3893572.3726708074
2204	3893446.7577639753
2205	3893000.347826087
2206	3892068.9689440993
2207	3891883.7267080746
2208	3891250.48447205
2209	3890735.304347826
2210	3890387.8757763975
2211	3889891.3788819876
2212	3889701.763975155
2213	3888864.9937888198
2214	3888668.2236024844
2215	3887919.304347826
2216	3887993.6397515526
2217	3886866.285714286
2218	3886673.0931677017
2219	3886022.7577639753
2220	3885604.5714285714
2221	3885038.5093167704
2222	3884815.105590062
2223	3884289.5900621116
2224	3883818.9316770188
2225	3883545.4409937887
2226	3882761.9378881985
2227	3882165.267080745
2228	3881877.465838509
2229	3881657.2422360247
2230	3880933.366459627
2231	3880682.534161491
2232	3880113.6894409936
2233	3879859.2795031057
2234	3878925.51552795
2235	3878794.335403727
2236	3878471.155279503
2237	3877800.546583851
2238	3877211.8260869565
2239	3876854.8571428573
2240	3876396.5217391304
2241	3875847.552795031
2242	3875213.51552795
2243	3874902.2608695654
2244	3874354.881987578
2245	3874076.6211180124
2246	3873298.285714286
2247	3872958.0124223605
2248	3872211.4782608696
2249	3872451.1801242237
2250	3871469.714285714
2251	3870984.347826087
2252	3870595.9751552795
2253	3870344.745341615
2254	3869593.4409937887
2255	3869389.51552795
2256	3869005.51552795
2257	3868258.9813664597
2258	3867723.9254658385
2259	3867384.049689441
2260	3866912.198757764
2261	3866247.155279503
2262	3865768.944099379
2263	3865583.701863354
2264	3865128.149068323
2265	3864425.3416149067
2266	3864433.2919254657
2267	3863794.48447205
2268	3863224.049689441
2269	3862942.2111801244
2270	3862299.0310559007
2271	3861694.0124223605
2272	3861571.5776397516
2273	3861147.4285714286
2274	3860195.7763975156
2275	3859927.453416149
2276	3859658.732919255
2277	3859457.1925465837
2278	3858689.1925465837
2279	3857968.099378882
2280	3857388.1242236025
2281	3857317.763975155
2282	3856807.751552795
2283	3856366.1118012425
2284	3855800.049689441
2285	3855161.6397515526
2286	3855119.50310559
2287	3854425.8385093166
2288	3854048.198757764
2289	3853715.0807453417
2290	3852857.2422360247
2291	3852664.049689441
2292	3852336.49689441
2293	3851600.298136646
2294	3851097.0434782607
2295	3850642.683229814
2296	3850165.664596273
2297	3849795.9751552795
2298	3849240.645962733
2299	3848717.118012422
2300	3848620.1242236025
2301	3847965.0186335403
2302	3847639.850931677
2303	3847239.155279503
2304	3846551.850931677
2305	3846198.0621118015
2306	3845599.0062111802
2307	3845308.0248447205
2308	3844738.385093168
2309	3844250.236024845
2310	3843696.49689441
2311	3843195.2298136647
2312	3843229.416149068
2313	3842648.248447205
2314	3842054.7577639753
2315	3841369.0434782607
2316	3841043.4782608696
2317	3840626.48447205
2318	3840137.1428571427
2319	3839724.5217391304
2320	3839685.167701863
2321	3838882.186335404
2322	3838209.5900621116
2323	3838139.6273291926
2324	3837523.8757763975
2325	3837207.850931677
2326	3836594.086956522
2327	3836295.155279503
2328	3835663.105590062
2329	3835281.8881987575
2330	3834713.8385093166
2331	3834178.385093168
2332	3834022.5590062113
2333	3833503.0062111802
2334	3833303.453416149
2335	3832415.0062111802
2336	3832318.8074534163
2337	3831607.652173913
2338	3831392.596273292
2339	3830600.347826087
2340	3830304.596273292
2341	3829742.5093167704
2342	3829175.652173913
2343	3828895.801242236
2344	3828330.534161491
2345	3828158.8074534163
2346	3827294.6086956523
2347	3826901.863354037
2348	3826554.832298137
2349	3826016.198757764
2350	3825976.447204969
2351	3825063.751552795
2352	3824855.453416149
2353	3824260.3726708074
2354	3823591.751552795
2355	3823445.863354037
2356	3822744.645962733
2357	3822559.801242236
2358	3822363.0310559007
2359	3821752.447204969
2360	3821011.4782608696
2361	3820752.298136646
2362	3820084.0745341615
2363	3819820.1242236025
2364	3819157.465838509
2365	3818760.347826087
2366	3836029.217391304
2367	3818312.347826087
2368	3818360.049689441
2369	3817868.7204968943
2370	3817823.801242236
2371	3817373.416149068
2372	3816627.6770186336
2373	3816244.4720496894
2374	3815923.2795031057
2375	3815201.7888198756
2376	3814942.2111801244
2377	3814164.6708074533
2378	3814670.7080745343
2379	3813057.5900621116
2380	3812641.7888198756
2381	3812206.5093167704
2382	3811478.2608695654
2383	3811240.944099379
2384	3810911.403726708
2385	3810386.683229814
2386	3809629.0186335403
2387	3808960.0
2388	3808479.801242236
2389	3807866.037267081
2390	3807588.5714285714
2391	3807233.5900621116
2392	3806324.4720496894
2393	3806208.795031056
2394	3805556.8695652173
2395	3805244.8198757763
2396	3804658.086956522
2397	3804335.304347826
2398	3804251.4285714286
2399	3803081.1428571427
2400	3802515.0807453417
2401	3802108.8198757763
2402	3801594.037267081
2403	3800902.3602484474
2404	3800290.186335404
2405	3800147.0807453417
2406	3800029.0186335403
2407	3799445.863354037
2408	3798687.403726708
2409	3798225.4906832296
2410	3797673.3416149067
2411	3797420.1242236025
2412	3796960.9937888198
2413	3796414.8074534163
2414	3796218.037267081
2415	3795481.4409937887
2416	3794838.2608695654
2417	3794846.2111801244
2418	3794022.1614906834
2419	3793524.8695652173
2420	3793425.0931677017
2421	3792606.2111801244
2422	3792349.0186335403
2423	3792118.8571428573
2424	3791321.0434782607
2425	3791012.1739130435
2426	3790759.751552795
2427	3789979.0310559007
2428	3789573.962732919
2429	3789075.8757763975
2430	3788498.285714286
2431	3788135.354037267
2432	3788075.7267080746
2433	3787263.602484472
2434	3786795.3291925467
2435	3786793.7391304346
2436	3785902.1118012425
2437	3785565.416149068
2438	3785051.4285714286
2439	3784833.9875776395
2440	3784391.552795031
2441	3783793.2919254657
2442	3783270.5590062113
2443	3783008.198757764
2444	3782388.8695652173
2445	3781817.2422360247
2446	3781510.7577639753
2447	3780953.0434782607
2448	3780651.7267080746
2449	3780328.944099379
2450	3779675.8260869565
2451	3779129.2422360247
2452	3778606.9068322983
2453	3778497.5900621116
2454	3778197.465838509
2455	3777271.254658385
2456	3777051.8260869565
2457	3776364.9192546583
2458	3775953.0931677017
2459	3775770.236024845
2460	3775114.335403727
2461	3774688.198757764
2462	3774304.9937888198
2463	3774250.534161491
2464	3773455.900621118
2465	3773105.2919254657
2466	3772588.9192546583
2467	3772123.8260869565
2468	3771588.3726708074
2469	3771221.863354037
2470	3770713.4409937887
2471	3770138.236024845
2472	3770038.8571428573
2473	3769534.0124223605
2474	3768964.3726708074
2475	3768591.900621118
2476	3768071.155279503
2477	3767561.5403726706
2478	3767239.155279503
2479	3766859.9254658385
2480	3766481.8881987575
2481	3765745.6894409936
2482	3765447.552795031
2483	3764738.782608696
2484	3764417.1925465837
2485	3763940.1739130435
2486	3763449.2422360247
2487	3763454.4099378884
2488	3762740.0745341615
2489	3762146.583850932
2490	3761695.801242236
2491	3761217.5900621116
2492	3761222.3602484474
2493	3760550.9565217393
2494	3760067.1801242237
2495	3759550.8074534163
2496	3759212.1242236025
2497	3758565.366459627
2498	3758340.7701863353
2499	3758064.099378882
2500	3757387.9254658385
2501	3757092.1739130435
2502	3756592.099378882
2503	3755845.962732919
2504	3755807.0062111802
2505	3755256.844720497
2506	3754840.248447205
2507	3754240.0
2508	3753975.254658385
2509	3753637.366459627
2510	3752903.950310559
2511	3752917.465838509
2512	3752128.0
2513	3751760.695652174
2514	3751136.596273292
2515	3750666.732919255
2516	3750169.4409937887
2517	3749985.3913043477
2518	3749454.7080745343
2519	3748997.167701863
2520	3748651.3291925467
2521	3748211.2795031057
2522	3747753.3416149067
2523	3747321.2422360247
2524	3746711.055900621
2525	3746145.7888198756
2526	3745844.8695652173
2527	3745265.6894409936
2528	3745007.701863354
2529	3744681.3416149067
2530	3744360.546583851
2531	3743662.9068322983
2532	3743416.049689441
2533	3742964.0745341615
2534	3742522.434782609
2535	3741894.3602484474
2536	3741644.7204968943
2537	3741079.055900621
2538	3740743.155279503
2539	3740320.198757764
2540	3739723.9254658385
2541	3739316.0745341615
2542	3739286.2608695654
2543	3738382.3105590064
2544	3737905.2919254657
2545	3737715.2795031057
2546	3737173.465838509
2547	3736669.813664596
2548	3736414.6086956523
2549	3735736.447204969
2550	3735524.1739130435
2551	3734867.0807453417
2552	3734392.447204969
2553	3734013.614906832
2554	3734134.4596273294
2555	3733196.7204968943
2556	3732634.236024845
2557	3732297.9378881985
2558	3731801.0434782607
2559	3731370.9316770188
2560	3731149.51552795
2561	3730624.397515528
2562	3730167.254658385
2563	3729879.453416149
2564	3729332.0745341615
2565	3728753.2919254657
2566	3728280.645962733
2567	3728129.1925465837
2568	3727408.099378882
2569	3727379.0807453417
2570	3726783.204968944
2571	3726132.8695652173
2572	3726042.633540373
2573	3725358.5093167704
2574	3724945.0931677017
2575	3724465.2919254657
2576	3724310.2608695654
2577	3723488.198757764
2578	3723435.7267080746
2579	3722941.217391304
2580	3722373.962732919
2581	3721890.186335404
2582	3721757.0186335403
2583	3720895.602484472
2584	3720709.167701863
2585	3720106.136645963
2586	3719723.7267080746
2587	3719155.6770186336
2588	3718787.9751552795
2589	3718243.3788819876
2590	3717835.1304347827
2591	3717589.0683229812
2592	3717077.0683229812
2593	3716717.316770186
2594	3716123.0310559007
2595	3715996.2236024844
2596	3715337.1428571427
2597	3715010.782608696
2598	3714783.801242236
2599	3713836.5217391304
2600	3713519.701863354
2601	3713134.5093167704
2602	3712985.0434782607
2603	3712523.5279503106
2604	3711924.0745341615
2605	3711536.099378882
2606	3710960.894409938
2607	3710443.7267080746
2608	3710133.664596273
2609	3709637.962732919
2610	3709153.3913043477
2611	3708700.6211180124
2612	3708553.5403726706
2613	3708016.099378882
2614	3707858.683229814
2615	3706989.714285714
2616	3706863.304347826
2617	3706366.8074534163
2618	3705854.8074534163
2619	3705204.0745341615
2620	3705093.167701863
2621	3704723.4782608696
2622	3704167.751552795
2623	3703815.155279503
2624	3703354.037267081
2625	3702799.50310559
2626	3702383.304347826
2627	3702058.534161491
2628	3701350.5590062113
2629	3701428.4720496894
2630	3700731.2298136647
2631	3700257.7888198756
2632	3699674.236024845
2633	3699702.8571428573
2634	3698964.6708074533
2635	3698449.0931677017
2636	3698232.844720497
2637	3697404.4223602484
2638	3697229.118012422
2639	3696909.913043478
2640	3696561.6894409936
2641	3696024.645962733
2642	3695526.1614906834
2643	3695024.894409938
2644	3694643.2795031057
2645	3694350.7080745343
2646	3693877.664596273
2647	3693330.285714286
2648	3692882.683229814
2649	3692737.5900621116
2650	3692118.2608695654
2651	3692051.4782608696
2652	3691545.0434782607
2653	3691002.037267081
2654	3690723.7763975156
2655	3689940.2732919254
2656	3689500.6211180124
2657	3689329.6894409936
2658	3688578.782608696
2659	3688393.1428571427
2660	3688035.7763975156
2661	3687253.465838509
2662	3687231.602484472
2663	3686704.894409938
2664	3686045.0186335403
2665	3685792.596273292
2666	3685039.701863354
2667	3685090.583850932
2668	3684382.2111801244
2669	3683764.4720496894
2670	3683730.285714286
2671	3683027.0807453417
2672	3682700.3229813664
2673	3683187.6770186336
2674	3681723.6273291926
2675	3681535.602484472
2676	3680897.1925465837
2677	3680578.385093168
2678	3680297.3416149067
2679	3679930.832298137
2680	3679436.3229813664
2681	3679059.0807453417
2682	3678630.1614906834
2683	3678460.4223602484
2684	3677476.5714285714
2685	3677325.913043478
2686	3676779.3291925467
2687	3676381.0186335403
2688	3675930.236024845
2689	3675241.7391304346
2690	3675305.3416149067
2691	3674694.7577639753
2692	3674305.5900621116
2693	3674067.4782608696
2694	3673359.900621118
2695	3672974.3105590064
2696	3672734.2111801244
2697	3672812.9192546583
2698	3671413.664596273
2699	3671335.751552795
2700	3670872.248447205
2701	3670933.465838509
2702	3669998.1118012425
2703	3669507.9751552795
2704	3669312.0
2705	3668660.8695652173
2706	3668078.9068322983
2707	3667935.801242236
2708	3667923.0807453417
2709	3667015.552795031
2710	3666651.4285714286
2711	3666364.4223602484
2712	3665801.9378881985
2713	3665267.6770186336
2714	3665410.385093168
2715	3664525.118012422
2716	3664121.2422360247
2717	3663776.198757764
2718	3663255.850931677
2719	3663480.447204969
2720	3662514.086956522
2721	3662178.583850932
2722	3661646.7080745343
2723	3661164.9192546583
2724	3661034.534161491
2725	3660568.645962733
2726	3659964.4223602484
2727	3659554.186335404
2728	3659408.298136646
2729	3659011.5776397516
2730	3658214.5590062113
2731	3657840.49689441
2732	3657581.316770186
2733	3657277.217391304
2734	3656402.683229814
2735	3656086.2608695654
2736	3655726.9068322983
2737	3655049.1428571427
2738	3655069.0186335403
2739	3654599.155279503
2740	3654376.149068323
2741	3653420.1242236025
2742	3653597.416149068
2743	3652948.2732919254
2744	3652138.9316770188
2745	3652049.4906832296
2746	3651353.0434782607
2747	3650924.9192546583
2748	3650596.1739130435
2749	3650806.0621118015
2750	3649564.2236024844
2751	3649404.8198757763
2752	3648903.950310559
2753	3648640.397515528
2754	3648141.913043478
2755	3647953.8881987575
2756	3647333.763975155
2757	3646883.3788819876
2758	3646452.0745341615
2759	3646219.9254658385
2760	3645672.546583851
2761	3645284.5714285714
2762	3644622.7080745343
2763	3644237.913043478
2764	3644014.5093167704
2765	3643607.850931677
2766	3643187.2795031057
2767	3642783.0062111802
2768	3642234.832298137
2769	3642045.217391304
2770	3641467.6273291926
2771	3640973.913043478
2772	3640694.8571428573
2773	3639981.714285714
2774	3640089.8385093166
2775	3639511.850931677
2776	3639192.645962733
2777	3639019.3291925467
2778	3638295.453416149
2779	3638058.9316770188
2780	3637277.416149068
2781	3637126.3602484474
2782	3636673.5900621116
2783	3636662.0621118015
2784	3635532.7204968943
2785	3635703.254658385
2786	3635035.8260869565
2787	3634408.944099379
2788	3634335.801242236
2789	3633568.9937888198
2790	3633468.4223602484
2791	3633615.900621118
2792	3632421.763975155
2793	3631973.763975155
2794	3631685.962732919
2795	3631459.7763975156
2796	3631042.782608696
2797	3630613.0683229812
2798	3629998.5093167704
2799	3631538.881987578
2800	3629318.3602484474
2801	3629237.267080745
2802	3628832.9937888198
2803	3628132.9689440993
2804	3627905.5900621116
2805	3627516.4223602484
2806	3626972.6211180124
2807	3626505.5403726706
2808	3626090.534161491
2809	3625704.944099379
2810	3625173.465838509
2811	3625227.9254658385
2812	3624251.2298136647
2813	3623943.155279503
2814	3623814.7577639753
2815	3623020.9192546583
2816	3623077.366459627
2817	3622706.086956522
2818	3622013.614906832
2819	3621317.167701863
2820	3620995.1801242237
2821	3620479.204968944
2822	3620530.086956522
2823	3619953.6894409936
2824	3619489.3913043477
2825	3619159.055900621
2826	3618777.0434782607
2827	3618204.2236024844
2828	3617891.3788819876
2829	3617477.167701863
2830	3617137.2919254657
2831	3616597.863354037
2832	3616081.0931677017
2833	3615827.8757763975
2834	3615541.664596273
2835	3614972.8198757763
2836	3614716.0248447205
2837	3613836.3229813664
2838	3613811.2795031057
2839	3613287.751552795
2840	3612912.894409938
2841	3612247.850931677
2842	3611900.8198757763
2843	3611818.9316770188
2844	3611344.298136646
2845	3610803.6770186336
2846	3610426.037267081
2847	3609823.403726708
2848	3609910.0621118015
2849	3609570.583850932
2850	3608596.6708074533
2851	3608095.0062111802
2852	3608164.1739130435
2853	3607337.7391304346
2854	3607163.2298136647
2855	3606581.267080745
2856	3606432.596273292
2857	3605781.465838509
2858	3605435.6273291926
2859	3605460.6708074533
2860	3604721.6894409936
2861	3604079.304347826
2862	3604202.534161491
2863	3603510.4596273294
2864	3602972.2236024844
2865	3602748.8198757763
2866	3602177.1925465837
2867	3601985.9875776395
2868	3601722.037267081
2869	3601070.5093167704
2870	3600546.186335404
2871	3600159.0062111802
2872	3600357.366459627
2873	3599456.9937888198
2874	3599043.5776397516
2875	3598582.0621118015
2876	3598021.962732919
2877	3597683.6770186336
2878	3597657.8385093166
2879	3596951.850931677
2880	3596986.037267081
2881	3596113.8881987575
2882	3595732.2732919254
2883	3595242.534161491
2884	3595002.832298137
2885	3594482.48447205
2886	3594430.4099378884
2887	3593679.50310559
2888	3593575.354037267
2889	3592694.0621118015
2890	3592911.900621118
2891	3592111.304347826
2892	3592189.217391304
2893	3591733.664596273
2894	3590946.9813664597
2895	3590612.6708074533
2896	3590019.9751552795
2897	3589999.304347826
2898	3589261.913043478
2899	3589075.4782608696
2900	3588388.1739130435
2901	3588088.844720497
2902	3587880.149068323
2903	3587523.9751552795
2904	3586813.217391304
2905	3586632.347826087
2906	3586057.5403726706
2907	3585517.714285714
2908	3585732.7701863353
2909	3584676.5714285714
2910	3584665.4409937887
2911	3584257.9875776395
2912	3583737.6397515526
2913	3583338.136645963
2914	3583331.3788819876
2915	3582769.2919254657
2916	3582476.3229813664
2917	3581647.50310559
2918	3581689.2422360247
2919	3580839.354037267
2920	3580543.602484472
2921	3580091.2298136647
2922	3580187.8260869565
2923	3579324.4223602484
2924	3578975.403726708
2925	3578912.596273292
2926	3578108.0248447205
2927	3577628.6211180124
2928	3577287.950310559
2929	3577089.5900621116
2930	3576448.0
2931	3576164.5714285714
2932	3575876.7701863353
2933	3575578.236024845
2934	3575037.614906832
2935	3574257.2919254657
2936	3574239.0062111802
2937	3573704.347826087
2938	3573565.217391304
2939	3572759.055900621
2940	3572660.4720496894
2941	3571991.850931677
2942	3572373.863354037
2943	3571306.534161491
2944	3570961.4906832296
2945	3570468.5714285714
2946	3569897.7391304346
2947	3569797.565217391
2948	3569557.0683229812
2949	3569047.055900621
2950	3568599.850931677
2951	3568088.248447205
2952	3567753.1428571427
2953	3567670.8571428573
2954	3566789.167701863
2955	3566615.850931677
2956	3566470.7577639753
2957	3565587.8757763975
2958	3565395.4782608696
2959	3564956.6211180124
2960	3564794.832298137
2961	3564290.385093168
2962	3564011.7267080746
2963	3563866.236024845
2964	3563209.5403726706
2965	3562614.8571428573
2966	3562265.0434782607
2967	3562031.304347826
2968	3561509.366459627
2969	3561256.546583851
2970	3560835.1801242237
2971	3560407.453416149
2972	3559845.366459627
2973	3559365.962732919
2974	3559019.7267080746
2975	3558623.801242236
2976	3558246.9565217393
2977	3558074.832298137
2978	3557379.5776397516
2979	3557207.055900621
2980	3556885.0683229812
2981	3556127.0062111802
2982	3555968.0
2983	3555545.8385093166
2984	3555117.316770186
2985	3554792.149068323
2986	3554601.3416149067
2987	3553950.6086956523
2988	3553597.217391304
2989	3553553.8881987575
2990	3552604.6211180124
2991	3552585.1428571427
2992	3551798.4596273294
2993	3551538.48447205
2994	3551628.7204968943
2995	3550888.149068323
2996	3550399.602484472
2997	3550107.0310559007
2998	3549979.8260869565
2999	3549281.7888198756
